0.815028901734104_cars_1638455051.983528
{'mode': 'train', 'application': 'DML', 'output_paht': '.', 'models': {'encoder_params': {'pretrained_path': 'no', 'net_type': 'resnet18', 'neck': 0, 'last_stride': 0, 'red': 4, 'bn_inception': {'embed': 1, 'sz_embedding': 512}}, 'gnn_params': {'pretrained_path': 'no', 'red': 1, 'cat': 1, 'every': 0, 'gnn': {'num_layers': 2, 'aggregator': 'add', 'num_heads': 8, 'attention': 'dot', 'mlp': 1, 'dropout_mlp': 0.1, 'norm1': 1, 'norm2': 1, 'res1': 1, 'res2': 1, 'dropout_1': 0.1, 'dropout_2': 0.1, 'mult_attr': 0}, 'classifier': {'neck': 1, 'num_classes': 98, 'dropout_p': 0.4, 'use_batchnorm': 0}}}, 'graph_params': {'sim_type': 'correlation', 'thresh': 'no', 'set_negative': 'hard'}, 'dataset': {'dataset_path': '/storage/remote/atcremers62/w0013/CARS', 'dataset_short': 'cars', 'num_classes': 98, 'trans': 'GL_orig_RE', 'number_aug': 2, 'magnitude': 27, 'sampling': 'no', 'bssampling': 'no', 'val': 0, 'nb_workers': 4}, 'train_params': {'num_classes_iter': 10, 'num_elements_class': 7, 'lr': 0.00036683239911604993, 'weight_decay': 2.551918610962277e-09, 'num_epochs': 70, 'is_apex': 'from yaml', 'temperatur': 0.1111111111111, 'output_train_enc': 'plain', 'output_train_gnn': 'plain', 'loss_fn': {'fns': 'lsce_lsgnn', 'scaling_ce': 1, 'scaling_gnn': 1, 'scaling_distance': 0.01, 'scaling_center': 0.5, 'scaling_triplet': 1, 'scaling_of': 1, 'scaling_of_pre': 1, 'scaling_distill': 1, 'soft_temp': 10, 'preds': 'no', 'feats': 'no'}}, 'eval_params': {'output_test_enc': 'plain', 'output_test_gnn': 'plain', 'cat': 0}}
0.24492256970847454 [0.19394908375353584, 0.2697085229369081, 0.3710490714549256, 0.4834583692042799]
0.2590778204921393 [0.21215102693395646, 0.30316074283605954, 0.40536219407206986, 0.5301930881810355]
0.2941746335227545 [0.2693395646291969, 0.3676054605829541, 0.48247448038371665, 0.6005411388513098]
0.33834674860822 [0.3309556020169721, 0.4372155946378059, 0.5506087812077235, 0.6710121756241545]
0.37167637799226805 [0.4183987209445333, 0.5303160742836059, 0.6483827327511991, 0.750461197884639]
0.4013097399388671 [0.48813184110195545, 0.6075513466978232, 0.7130734227032345, 0.8078957077850203]
0.43786182734396917 [0.5397860041815274, 0.6558848850079941, 0.7595621694748493, 0.8428237609150167]
0.46353750823592343 [0.5962366252613455, 0.7058172426515804, 0.7965809863485426, 0.8665600787111056]
0.487550099933916 [0.6398966916738409, 0.7456647398843931, 0.830033206247694, 0.8910343131226172]
0.5194673681977898 [0.6654778010084861, 0.7662034190136514, 0.849219038248678, 0.9075144508670521]
0.5378948537834572 [0.7002828680359119, 0.79879473619481, 0.8700036895830772, 0.9201820194318042]
0.5550983048834474 [0.7140573115237978, 0.8097404993235764, 0.8793506333784282, 0.9274381994834584]
0.5574929128555868 [0.7273398106014021, 0.8241298733243143, 0.886483827327512, 0.9287910466117328]
0.5731170939894958 [0.7435739761406961, 0.8347066781453696, 0.8963227155331448, 0.9371541015865207]
0.5842310689002427 [0.7433280039355553, 0.8344607059402288, 0.895215840610011, 0.9393678514327881]
0.5709311073002329 [0.7497232812692166, 0.8393801500430451, 0.8914032714303284, 0.9319886852785635]
0.5882727914719484 [0.755872586397737, 0.8370434140942073, 0.8959537572254336, 0.9356782683556758]
0.5729649660500594 [0.7418521707047103, 0.8307711228631165, 0.8939859795843069, 0.9351863239453941]
0.5861673998337066 [0.7607920305005534, 0.8497109826589595, 0.9044397983027918, 0.9434263928176116]
0.5856795685546761 [0.7748124461935801, 0.8535235518386423, 0.9087443118927562, 0.9452711843561677]
0.5915453269908173 [0.7757963350141434, 0.857951051531177, 0.9119419505595867, 0.9462550731767311]
0.597087554449179 [0.7745664739884393, 0.8604107735825852, 0.9128028532775796, 0.9480998647152872]
0.5862768151723213 [0.7638666830648136, 0.8465133439921289, 0.9046857705079326, 0.9458861148690199]
0.5814149814642584 [0.7584552945517157, 0.8479891772229738, 0.9053007010207846, 0.9418275734841963]
0.6047735935623875 [0.7876030008609027, 0.8643463288648383, 0.915631533636699, 0.9504366006641249]
0.6055768325805865 [0.7809617513221006, 0.8631164678391342, 0.9158775058418399, 0.949821670151273]
0.5886990724955539 [0.7759193211167138, 0.8567211905054729, 0.9113270200467347, 0.9493297257409913]
0.5926446698115179 [0.7866191120403394, 0.865453203787972, 0.9168613946624031, 0.9511745172795474]
0.6012817944652893 [0.7882179313737547, 0.8669290370188169, 0.9175993112778256, 0.9531422949206739]
0.6049171291326922 [0.7933833476817119, 0.8749231336858935, 0.925224449637191, 0.9553560447669414]
0.6251997341142151 [0.8081416799901611, 0.883163202558111, 0.9321116713811339, 0.960644447177469]
0.6283481067831029 [0.8091255688107244, 0.8841470913786742, 0.9348173656376829, 0.9622432665108843]
0.6113490933177662 [0.809002582708154, 0.8870987578403641, 0.9327266018939859, 0.9611363915877505]
0.6266599575117182 [0.8120772352724143, 0.8853769524043783, 0.9337104907145493, 0.9605214610748986]
0.6237663002113552 [0.8085106382978723, 0.8862378551223712, 0.9308818103554298, 0.9619972943057434]
0.6201591659557778 [0.8075267494773091, 0.8827942442503997, 0.9308818103554298, 0.9617513221006027]
0.6205294139687187 [0.8072807772721683, 0.8834091747632518, 0.9311277825605706, 0.9619972943057434]
0.6209766811261238 [0.8108473742467102, 0.8846390357889559, 0.9328495879965564, 0.9632271553314475]
0.6109715354969257 [0.8074037633747386, 0.8842700774812446, 0.9303898659451482, 0.9628581970237363]
0.6245400318145293 [0.809002582708154, 0.8821793137375477, 0.9329725740991268, 0.9621202804083139]
0.6196324262608678 [0.812323207477555, 0.8845160496863854, 0.9337104907145493, 0.9629811831263068]
0.6290784092089858 [0.8080186938875907, 0.8811954249169843, 0.9305128520477186, 0.9619972943057434]
0.6182986590725661 [0.8029762636822039, 0.8792276472758578, 0.9298979215348666, 0.9613823637928914]
0.6218221155219334 [0.8101094576312876, 0.8853769524043783, 0.9362931988685279, 0.9643340302545812]
0.6122662617410948 [0.8080186938875907, 0.8809494527118436, 0.9328495879965564, 0.9628581970237363]
0.6033394833788984 [0.8096175132210061, 0.8832861886606813, 0.9330955602016973, 0.9602754888697577]
0.6209394496783691 [0.815028901734104, 0.8846390357889559, 0.9313737547657115, 0.9605214610748986]
0.615653319690721 [0.8071577911695978, 0.8824252859426884, 0.9290370188168737, 0.960644447177469]
0.612253776406804 [0.8107243881441397, 0.8862378551223712, 0.9328495879965564, 0.9638420858442996]
0.6169841327420114 [0.8067888328618866, 0.8870987578403641, 0.9330955602016973, 0.9637190997417292]
0.6137488121806085 [0.806296888451605, 0.8799655638912803, 0.9300209076374369, 0.9602754888697577]
0.6079849241711065 [0.8098634854261468, 0.8823022998401181, 0.93395646291969, 0.9627352109211659]
0.6300957829260851 [0.8120772352724143, 0.8866068134300824, 0.9355552822531054, 0.9628581970237363]
0.6249097488425507 [0.8093715410158652, 0.8847620218915263, 0.9356782683556758, 0.9623662526134547]
0.6133364857662351 [0.8091255688107244, 0.8809494527118436, 0.933341532406838, 0.9607674332800393]
0.6254346784484343 [0.8059279301438937, 0.8851309801992375, 0.9334645185094085, 0.961874308203173]
0.6168559547270686 [0.806911818964457, 0.8854999385069487, 0.9317427130734227, 0.9623662526134547]
0.621666822846317 [0.8117082769647029, 0.8856229246095191, 0.9364161849710982, 0.9621202804083139]
0.6247277615143602 [0.8118312630672734, 0.8902963965071947, 0.9359242405608166, 0.963350141434018]
0.630703415219408 [0.8115852908621326, 0.8890665354814906, 0.9372770876890911, 0.9613823637928914]
0.6248867868020447 [0.8023613331693519, 0.883778133070963, 0.9324806296888452, 0.9617513221006027]
0.6174273490202573 [0.806911818964457, 0.88586889681466, 0.9340794490222605, 0.9638420858442996]
0.6285485645518077 [0.8108473742467102, 0.8832861886606813, 0.9327266018939859, 0.9610134054851802]
0.6166443074699003 [0.8118312630672734, 0.8905423687123355, 0.9383839626122248, 0.9619972943057434]
0.6251613089538874 [0.8091255688107244, 0.8870987578403641, 0.9338334768171197, 0.9626122248185955]
0.6149421415642006 [0.8093715410158652, 0.8835321608658222, 0.9327266018939859, 0.960644447177469]
0.6302252237524162 [0.8134300824006887, 0.8889435493789202, 0.935432296150535, 0.9632271553314475]
0.6155299952852663 [0.8051900135284713, 0.8862378551223712, 0.9330955602016973, 0.9597835444594761]
0.6281681475472534 [0.812938137990407, 0.8873447300455048, 0.9361702127659575, 0.9616283359980322]
0.6110346174191184 [0.809002582708154, 0.88586889681466, 0.9350633378428238, 0.9626122248185955]


