0.6026333558406483_cub_1638610789.3090665
{'mode': 'train', 'application': 'DML', 'output_paht': '.', 'models': {'encoder_params': {'pretrained_path': 'no', 'net_type': 'resnet18', 'neck': 0, 'last_stride': 0, 'red': 4, 'bn_inception': {'embed': 1, 'sz_embedding': 512}}, 'gnn_params': {'pretrained_path': 'no', 'red': 1, 'cat': 0, 'every': 0, 'gnn': {'num_layers': 1, 'aggregator': 'add', 'num_heads': 2, 'attention': 'dot', 'mlp': 1, 'dropout_mlp': 0.1, 'norm1': 0, 'norm2': 0, 'res1': 1, 'res2': 1, 'dropout_1': 0.1, 'dropout_2': 0.1, 'mult_attr': 0}, 'classifier': {'neck': 1, 'num_classes': 100, 'dropout_p': 0.4, 'use_batchnorm': 0}}}, 'graph_params': {'sim_type': 'correlation', 'thresh': 'no', 'set_negative': 'hard'}, 'dataset': {'dataset_path': '/storage/remote/atcremers51/w0013/intra_batch_data/CUB_200_2011', 'dataset_short': 'cub', 'num_classes': 100, 'number_aug': 2, 'magnitude': 27, 'trans': 'GL_orig_RE', 'sampling': 'no', 'bssampling': 'NumberSampler', 'val': 0, 'nb_workers': 4}, 'train_params': {'num_classes_iter': 6, 'num_elements_class': 9, 'lr': 0.0001563663718906821, 'weight_decay': 6.059722614369727e-06, 'num_epochs': 70, 'is_apex': 'from yaml', 'temperatur': 0.2, 'output_train_enc': 'plain', 'output_train_gnn': 'plain', 'loss_fn': {'fns': 'lsgnn_lsce', 'scaling_ce': 1, 'scaling_gnn': 1, 'scaling_distance': 0.01, 'scaling_center': 0.5, 'scaling_triplet': 1, 'scaling_of': 1, 'scaling_of_pre': 1, 'scaling_distill': 1, 'soft_temp': 1, 'feats': 'no', 'preds': 'no'}}, 'eval_params': {'cat': 0, 'output_test_enc': 'plain', 'output_test_gnn': 'plain'}}
0.4084609418488391 [0.2510128291694801, 0.35668467251856856, 0.4890276839972991, 0.6341998649561107]
0.32698857700883455 [0.18095881161377447, 0.2675557056043214, 0.37440918298446996, 0.5032072923700203]
0.428082176827508 [0.2911883862255233, 0.3923024983119514, 0.5180621201890614, 0.6541188386225524]
0.5013899765875512 [0.3840310600945307, 0.511985145172181, 0.6431465226198515, 0.763335584064821]
0.541363087306051 [0.4471640783254558, 0.5737677245104659, 0.7015530047265361, 0.8040175557056043]
0.5619071768705178 [0.48278190411883865, 0.612761647535449, 0.7287305874409183, 0.8286630654962863]
0.5800945520471473 [0.4991559756920999, 0.6220459149223497, 0.738014854827819, 0.8340648210668468]
0.5631877210875782 [0.49172856178257934, 0.6159689399054693, 0.7287305874409183, 0.824949358541526]
0.5883979747948734 [0.5092842673869007, 0.638588791357191, 0.7486495611073599, 0.8360904794058069]
0.6046918322892703 [0.5383187035786631, 0.6677920324105334, 0.7743079000675219, 0.8609047940580689]
0.5875701745408364 [0.5182309250506415, 0.6524307900067522, 0.7660364618501013, 0.8561782579338285]
0.6073281728020837 [0.5472653612424038, 0.6725185685347738, 0.775151924375422, 0.861580013504389]
0.6058915532710739 [0.5340985820391627, 0.6586765698852127, 0.7643484132343011, 0.849763673193788]
0.6011110570991596 [0.537305874409183, 0.6593517893315327, 0.7658676569885212, 0.8588791357191087]
0.6169689587054243 [0.5567184334908846, 0.6799459824442944, 0.7825793382849426, 0.8712018906144497]
0.6105364313225878 [0.5484469952734639, 0.6696488858879136, 0.7798784604996624, 0.8661377447670493]
0.6248368910215832 [0.5703916272788656, 0.6907494935854153, 0.7925388251181634, 0.8708642808912896]
0.6304805484982628 [0.5739365293720459, 0.699696151249156, 0.800472653612424, 0.87525320729237]
0.6332625093994129 [0.5705604321404456, 0.6958136394328157, 0.7932140445644834, 0.8725523295070898]
0.639467314760509 [0.5803511141120864, 0.7040850776502363, 0.7996286293045239, 0.8776164753544902]
0.6358805361347774 [0.5751181634031061, 0.7025658338960162, 0.8051991897366644, 0.8777852802160703]
0.6418999533936256 [0.5611073598919649, 0.687373396353815, 0.7879810938555031, 0.8681634031060095]
0.6340959283360185 [0.575793382849426, 0.700540175557056, 0.7982781904118839, 0.8793045239702904]
0.6342376644939803 [0.5764686022957461, 0.699189736664416, 0.8051991897366644, 0.8806549628629304]
0.6243102268309614 [0.5692099932478055, 0.6893990546927752, 0.7937204591492235, 0.8725523295070898]
0.6253434167649382 [0.5815327481431465, 0.7069547602970966, 0.8080688723835247, 0.8794733288318703]
0.6252113313750869 [0.5653274814314653, 0.6907494935854153, 0.8038487508440243, 0.8798109385550303]
0.6322269405787871 [0.5722484807562458, 0.699020931802836, 0.8038487508440243, 0.8803173531397704]
0.6393664802438169 [0.5781566509115462, 0.700877785280216, 0.8050303848750844, 0.8823430114787306]
0.6296245417347178 [0.5631330182309251, 0.6909182984469953, 0.7957461174881837, 0.8794733288318703]
0.6367999102449983 [0.5768062120189061, 0.7040850776502363, 0.8073936529372046, 0.8852126941255908]
0.6361898394026316 [0.5771438217420661, 0.7023970290344362, 0.8060432140445645, 0.8863943281566509]
0.6313456730220361 [0.5828831870357867, 0.7012153950033762, 0.8058744091829845, 0.8852126941255908]
0.6464963755666789 [0.5923362592842674, 0.7142133693450371, 0.8107697501688048, 0.8879135719108711]
0.6432667930626211 [0.587947332883187, 0.7098244429439567, 0.8082376772451046, 0.8841998649561107]
0.6421488642151991 [0.588116137744767, 0.7140445644834571, 0.8170155300472653, 0.887575962187711]
0.6498097717944552 [0.5867656988521269, 0.7113436866981769, 0.8119513841998649, 0.8857191087103309]
0.6502661023353907 [0.5859216745442268, 0.7110060769750168, 0.8100945307224848, 0.886731937879811]
0.6397985463984048 [0.5806887238352465, 0.7057731262660365, 0.8084064821066846, 0.8826806212018906]
0.6417648993847308 [0.5842336259284268, 0.7067859554355166, 0.8062120189061445, 0.8831870357866306]
0.6431576155166354 [0.5810263335584065, 0.7049291019581364, 0.8092505064145847, 0.8847062795408508]
0.6426377631345103 [0.5768062120189061, 0.7012153950033762, 0.8070560432140446, 0.8804861580013504]
0.6494455607806043 [0.5914922349763673, 0.712694125590817, 0.8175219446320054, 0.887238352464551]
0.6480728939469415 [0.5820391627278866, 0.712356515867657, 0.8112761647535449, 0.8902768399729912]
0.6480500283377328 [0.5768062120189061, 0.7074611748818366, 0.8094193112761647, 0.887069547602971]
0.6444838153077497 [0.5930114787305875, 0.712356515867657, 0.8143146522619852, 0.887069547602971]
0.6480571538904811 [0.5901417960837272, 0.712694125590817, 0.8117825793382849, 0.888419986495611]
0.6481566101506884 [0.5933490884537475, 0.7118501012829169, 0.8143146522619852, 0.887407157326131]
0.6425692369805799 [0.5921674544226874, 0.7137069547602971, 0.8195476029709655, 0.888082376772451]
0.6511654754869832 [0.5914922349763673, 0.7153950033760972, 0.8175219446320054, 0.8887575962187712]
0.6475029707131035 [0.5923362592842674, 0.7164078325455773, 0.812457798784605, 0.887407157326131]
0.638421525147588 [0.5855840648210668, 0.7069547602970966, 0.8058744091829845, 0.8818365968939905]
0.6494017739333015 [0.6021269412559082, 0.7196151249155975, 0.8207292370020257, 0.8890952059419311]
0.6533474416494938 [0.5904794058068873, 0.7116812964213369, 0.8117825793382849, 0.8889264010803511]
0.6529402798008922 [0.5859216745442268, 0.7089804186360568, 0.8116137744767049, 0.8904456448345712]
0.6528770398301267 [0.5854152599594868, 0.7140445644834571, 0.8156650911546253, 0.8896016205266711]
0.6494293464104935 [0.5849088453747467, 0.712187711006077, 0.8119513841998649, 0.888082376772451]
0.6535614874245738 [0.5825455773126266, 0.7084740040513167, 0.8133018230925051, 0.8897704253882511]
0.6536674989221759 [0.5968939905469277, 0.7145509790681972, 0.8205604321404456, 0.8894328156650911]
0.6444679600884681 [0.5830519918973667, 0.7086428089128967, 0.8160027008777853, 0.8890952059419311]
0.6512197130019486 [0.5844024307900068, 0.7101620526671168, 0.812626603646185, 0.8899392302498312]
0.6524262299878753 [0.5891289669142471, 0.712694125590817, 0.8111073598919649, 0.8845374746792708]
0.6381399352760757 [0.5830519918973667, 0.7089804186360568, 0.8094193112761647, 0.8831870357866306]
0.6579876958939241 [0.5967251856853477, 0.7147197839297772, 0.8176907494935854, 0.8890952059419311]
0.6466114982805177 [0.5842336259284268, 0.7101620526671168, 0.8144834571235652, 0.8843686698176908]
0.6632599207590107 [0.5903106009453072, 0.7170830519918974, 0.8195476029709655, 0.8887575962187712]
0.650527288466704 [0.5850776502363269, 0.7104996623902768, 0.8114449696151249, 0.8855503038487509]
0.6464919151952442 [0.5800135043889264, 0.7103308575286968, 0.8143146522619852, 0.887069547602971]
0.666683614078421 [0.5967251856853477, 0.7189399054692776, 0.8192099932478055, 0.886563133018231]
0.6616847194110663 [0.6026333558406483, 0.7233288318703579, 0.8220796758946658, 0.8933153274814315]


