0.6915935178933154_cub_1639504796.011876
{'mode': 'train', 'application': 'DML', 'output_paht': '.', 'models': {'encoder_params': {'pretrained_path': 'no', 'net_type': 'resnet50', 'neck': 0, 'last_stride': 0, 'red': 4, 'bn_inception': {'embed': 1, 'sz_embedding': 512}}, 'gnn_params': {'pretrained_path': 'no', 'red': 1, 'cat': 0, 'every': 0, 'gnn': {'num_layers': 1, 'aggregator': 'add', 'num_heads': 2, 'attention': 'dot', 'mlp': 1, 'dropout_mlp': 0.1, 'norm1': 1, 'norm2': 1, 'res1': 1, 'res2': 1, 'dropout_1': 0.1, 'dropout_2': 0.1, 'mult_attr': 0}, 'classifier': {'neck': 1, 'num_classes': 100, 'dropout_p': 0.4, 'use_batchnorm': 0}}}, 'graph_params': {'sim_type': 'correlation', 'thresh': 'no', 'set_negative': 'hard'}, 'dataset': {'dataset_path': '/storage/remote/atcremers62/w0013/CUB_200_2011/CUB_200_2011/', 'dataset_short': 'cub', 'num_classes': 100, 'number_aug': 2, 'magnitude': 27, 'trans': 'GL_orig_RE', 'sampling': 'no', 'bssampling': 'NumberSampler', 'val': 0, 'nb_workers': 4}, 'train_params': {'num_classes_iter': 6, 'num_elements_class': 9, 'lr': 0.0001563663718906821, 'weight_decay': 6.059722614369727e-06, 'num_epochs': 70, 'is_apex': 0, 'temperatur': 0.2, 'output_train_enc': 'plain', 'output_train_gnn': 'plain', 'loss_fn': {'fns': 'lsgnn_lsce', 'scaling_ce': 1, 'scaling_gnn': 1, 'scaling_distance': 0.01, 'scaling_center': 0.5, 'scaling_triplet': 1, 'scaling_of': 1, 'scaling_of_pre': 1, 'scaling_distill': 1, 'soft_temp': 1, 'feats': 'no', 'preds': 'no'}}, 'eval_params': {'cat': 0, 'output_test_enc': 'plain', 'output_test_gnn': 'plain'}}
0.3489543903273034 [0.21421336934503712, 0.3063808237677245, 0.4262322754895341, 0.5563808237677245]
0.5398680872443562 [0.48092505064145846, 0.6146185010128292, 0.7322754895340986, 0.8367656988521269]
0.5968712739095678 [0.5589128966914247, 0.6775827143821742, 0.7837609723160027, 0.8695138419986496]
0.575523721243149 [0.5484469952734639, 0.6661039837947332, 0.7645172180958811, 0.8411546252532073]
0.6381066296232949 [0.6137744767049291, 0.7297434166103984, 0.8170155300472653, 0.8863943281566509]
0.5874212621242151 [0.550641458474004, 0.6699864956110736, 0.7692437542201216, 0.8409858203916273]
0.648335954483014 [0.6333558406482107, 0.736664415935179, 0.825793382849426, 0.8936529372045915]
0.6571339798184007 [0.6412896691424713, 0.7569209993247805, 0.8443619176232275, 0.9081701553004726]
0.6520559212771895 [0.6377447670492911, 0.7442606347062796, 0.825624577987846, 0.8858879135719109]
0.6452112805961803 [0.6325118163403106, 0.7370020256583389, 0.8227548953409858, 0.8911208642808913]
0.6703827710783249 [0.6423024983119514, 0.7466239027683997, 0.8268062120189061, 0.8887575962187712]
0.6927874965357785 [0.6676232275489534, 0.7743079000675219, 0.8531397704253882, 0.9101958136394328]
0.6870951780293936 [0.6520931802835922, 0.7547265361242403, 0.8399729912221472, 0.8926401080351114]
0.6986798344360236 [0.6688048615800135, 0.7792032410533424, 0.8587103308575287, 0.9117150573936529]
0.7022135708729933 [0.6655975692099932, 0.7739702903443619, 0.8521269412559082, 0.9064821066846726]
0.6994147594836687 [0.6605334233625928, 0.7690749493585415, 0.8512829169480081, 0.9085077650236327]
0.6958559189284022 [0.6539500337609723, 0.7732950708980418, 0.8538149898717083, 0.9088453747467927]
0.701754989172164 [0.6542876434841324, 0.7702565833896016, 0.849426063470628, 0.9027683997299122]
0.6879466382852955 [0.6404456448345712, 0.7570898041863605, 0.850101282916948, 0.9063133018230926]
0.6899732919805157 [0.6715057393652937, 0.775320729237002, 0.8531397704253882, 0.9128966914247131]
0.677329703325748 [0.6455097906819717, 0.7611411208642809, 0.8457123565158676, 0.9103646185010128]
0.6977138660427525 [0.6770762997974341, 0.775489534098582, 0.8560094530722485, 0.9115462525320729]
0.6973489356569065 [0.6419648885887913, 0.762153950033761, 0.8465563808237677, 0.9069885212694125]
0.6928636375469711 [0.6480418636056718, 0.761985145172181, 0.8440243079000675, 0.9047940580688724]
0.6848690696372993 [0.6451721809588116, 0.7516880486158002, 0.8441931127616475, 0.9078325455773126]
0.6810619248280858 [0.6411208642808913, 0.7537137069547603, 0.8423362592842674, 0.9046252532072924]
0.7022640786198042 [0.6487170830519919, 0.763166779203241, 0.849594868332208, 0.9068197164078325]
0.6624047210156223 [0.6291357191087104, 0.738352464550979, 0.8296758946657664, 0.8912896691424713]
0.6890728606297416 [0.6444969615124916, 0.7510128291694801, 0.8448683322079676, 0.9047940580688724]
0.6672808400462275 [0.6455097906819717, 0.7611411208642809, 0.8409858203916273, 0.899729912221472]
0.7099374708228632 [0.6824780553679946, 0.7861242403781229, 0.862592842673869, 0.9188048615800135]
0.703631489078952 [0.662559081701553, 0.7741390952059419, 0.8561782579338285, 0.9101958136394328]
0.7113308336689765 [0.6667792032410533, 0.7775151924375422, 0.8541525995948683, 0.9140783254557732]
0.7113527357296987 [0.662052667116813, 0.7726198514517219, 0.8597231600270088, 0.9166103983794733]
0.6947074563844239 [0.662052667116813, 0.775489534098582, 0.8582039162727887, 0.9134031060094531]
0.7071341040751642 [0.6635719108710331, 0.7786968264686023, 0.8636056718433491, 0.9162727886563133]
0.7035559125728679 [0.6559756920999325, 0.7739702903443619, 0.8598919648885888, 0.9145847400405132]
0.7220271983088096 [0.6784267386900743, 0.7839297771775827, 0.8683322079675895, 0.9223497636731938]
0.7038246667965321 [0.6674544226873734, 0.7775151924375422, 0.863436866981769, 0.9193112761647535]
0.7045099280350537 [0.6585077650236327, 0.7832545577312626, 0.8654625253207292, 0.9186360567184335]
0.7036627055678689 [0.6544564483457124, 0.7773463875759622, 0.862424037812289, 0.9196488858879136]
0.7105731860212691 [0.6669480081026333, 0.7859554355165429, 0.8646185010128292, 0.9201553004726536]
0.723093678124587 [0.6811276164753545, 0.7911883862255233, 0.8681634031060095, 0.9247130317353139]
0.7042556077375961 [0.649898717083052, 0.7714382174206618, 0.8561782579338285, 0.9169480081026333]
0.7279865603975202 [0.6829844699527347, 0.7913571910871033, 0.8742403781228899, 0.9228561782579339]
0.7141391697003934 [0.6635719108710331, 0.7786968264686023, 0.862930452397029, 0.9201553004726536]
0.7253827780078409 [0.6915935178933154, 0.7940580688723835, 0.8735651586765699, 0.9248818365968939]
0.7097070134373153 [0.6576637407157326, 0.7765023632680621, 0.8620864280891289, 0.9164415935178933]
0.7163495026137754 [0.6639095205941931, 0.7743079000675219, 0.8637744767049291, 0.9177920324105334]
0.7282200220182979 [0.6811276164753545, 0.7916948008102633, 0.8685010128291695, 0.9209993247805537]
0.7048075198413762 [0.6610398379473329, 0.7736326806212019, 0.8649561107359892, 0.9191424713031735]
0.7126602496787694 [0.6612086428089129, 0.7741390952059419, 0.8664753544902093, 0.9201553004726536]
0.6993924551449594 [0.6591829844699527, 0.7741390952059419, 0.8641120864280891, 0.9161039837947332]
0.7236219369985694 [0.6603646185010128, 0.7793720459149224, 0.8695138419986496, 0.9186360567184335]
0.7058427387762944 [0.6559756920999325, 0.7783592167454423, 0.8642808912896691, 0.9181296421336934]
0.7119876489907148 [0.6574949358541526, 0.7770087778528022, 0.8656313301823092, 0.9188048615800135]
0.7147388088918355 [0.6593517893315327, 0.7765023632680621, 0.8656313301823092, 0.9182984469952734]
0.7049900707291021 [0.6549628629304524, 0.7793720459149224, 0.8664753544902093, 0.9182984469952734]
0.6911104265135083 [0.6394328156650911, 0.761816340310601, 0.8522957461174882, 0.9154287643484132]
0.7105819791920025 [0.6558068872383525, 0.7805536799459825, 0.8713706954760297, 0.9198176907494936]
0.724863143811138 [0.6816340310600946, 0.7949020931802836, 0.8713706954760297, 0.9221809588116138]
0.7068632262939337 [0.6509115462525321, 0.7721134368669818, 0.862424037812289, 0.9203241053342336]
0.7262390064646594 [0.6816340310600946, 0.7940580688723835, 0.87457798784605, 0.9245442268737339]
0.7096883297378633 [0.6551316677920324, 0.7741390952059419, 0.8666441593517893, 0.9171168129642133]
0.7090481768009746 [0.6612086428089129, 0.7768399729912221, 0.8686698176907495, 0.9235313977042539]
0.7110163708306247 [0.6598582039162728, 0.7722822417285617, 0.8664753544902093, 0.9186360567184335]
0.7158238144666409 [0.6556380823767725, 0.7759959486833221, 0.861917623227549, 0.9184672518568535]
0.7196508066277341 [0.6576637407157326, 0.775658338960162, 0.863268062120189, 0.9203241053342336]
0.7108585683360426 [0.6598582039162728, 0.7741390952059419, 0.8590479405806887, 0.9152599594868333]
0.6997558478052548 [0.6487170830519919, 0.7741390952059419, 0.8563470627954085, 0.9166103983794733]


