0.7876030008609027_cars_1638883460.579454
{'mode': 'train', 'application': 'DML', 'output_paht': '.', 'models': {'encoder_params': {'pretrained_path': 'no', 'net_type': 'resnet18', 'neck': 0, 'last_stride': 0, 'red': 4, 'bn_inception': {'embed': 1, 'sz_embedding': 512}}, 'gnn_params': {'pretrained_path': 'no', 'red': 1, 'cat': 1, 'every': 0, 'gnn': {'num_layers': 2, 'aggregator': 'add', 'num_heads': 8, 'attention': 'dot', 'mlp': 1, 'dropout_mlp': 0.1, 'norm1': 1, 'norm2': 1, 'res1': 0, 'res2': 0, 'dropout_1': 0.1, 'dropout_2': 0.1, 'mult_attr': 0}, 'classifier': {'neck': 1, 'num_classes': 98, 'dropout_p': 0.4, 'use_batchnorm': 0}}}, 'graph_params': {'sim_type': 'correlation', 'thresh': 'no', 'set_negative': 'hard'}, 'dataset': {'dataset_path': '/storage/remote/atcremers51/w0013/intra_batch_data/CARS/', 'dataset_short': 'cars', 'num_classes': 98, 'trans': 'GL_orig_RE', 'number_aug': 2, 'magnitude': 27, 'sampling': 'no', 'bssampling': 'no', 'val': 0, 'nb_workers': 4}, 'train_params': {'num_classes_iter': 10, 'num_elements_class': 7, 'lr': 0.00036683239911604993, 'weight_decay': 2.551918610962277e-09, 'num_epochs': 70, 'is_apex': 'from yaml', 'temperatur': 0.1111111111111, 'output_train_enc': 'plain', 'output_train_gnn': 'plain', 'loss_fn': {'fns': 'lsce_lsgnn', 'scaling_ce': 1, 'scaling_gnn': 1, 'scaling_distance': 0.01, 'scaling_center': 0.5, 'scaling_triplet': 1, 'scaling_of': 1, 'scaling_of_pre': 1, 'scaling_distill': 1, 'soft_temp': 10, 'preds': 'no', 'feats': 'no'}}, 'eval_params': {'output_test_enc': 'plain', 'output_test_gnn': 'plain', 'cat': 0}}
0.24278569827183774 [0.18853769524043784, 0.2679867175009224, 0.3599803222235887, 0.4707908006395277]
0.22895505820197934 [0.18324929282991023, 0.2535973435001845, 0.34620587873570285, 0.4535727462796704]
0.22471252257785432 [0.14635346205878735, 0.21596359611363916, 0.30525150657975647, 0.4240560816627721]
0.24420209344473026 [0.1338088795966056, 0.20022137498462675, 0.2947976878612717, 0.40708399950805557]
0.2415802785042193 [0.13749846267371788, 0.2100602631902595, 0.2977493543229615, 0.40966670766203417]
0.25179968435067596 [0.14967408682818842, 0.22248185954987088, 0.3229615053498955, 0.44127413602262944]
0.2582387296861505 [0.15779116959783546, 0.23404255319148937, 0.3391956708891895, 0.4631656622801623]
0.2782910055161301 [0.1818964457016357, 0.2717992866806051, 0.3774443487885869, 0.5004304513589964]
0.28782601337564667 [0.2100602631902595, 0.3051285204771861, 0.4121264297134424, 0.5381871848481121]
0.3091640097290978 [0.24916984380764973, 0.3454679621202804, 0.4635346205878736, 0.5875046119788464]
0.33430937388319687 [0.29282991022014515, 0.4095437215594638, 0.5239207969499446, 0.6456770384946501]
0.3448610368991457 [0.3336612962735211, 0.4503751076128398, 0.5658590579264543, 0.6792522444963719]
0.3707268354848873 [0.38187184848112166, 0.4963719099741729, 0.6125937769032099, 0.7224203664985857]
0.3857567311453728 [0.43094330340671505, 0.539048087566105, 0.6445701635715164, 0.7429590456278441]
0.43335022556010905 [0.5026442012052638, 0.6241544705448284, 0.7315213380887959, 0.8205632763497724]
0.45744539469442336 [0.5563891280285328, 0.6640019677776411, 0.7633747386545321, 0.8404870249661788]
0.47835898656455816 [0.5768048210552208, 0.6854015496248924, 0.7771491821424179, 0.8449145246587135]
0.49155056568346894 [0.6220637068011314, 0.730045504857951, 0.8165047349649489, 0.8807034805067028]
0.4623019133529641 [0.5460582954126184, 0.6640019677776411, 0.7603000860902718, 0.8407329971713197]
0.5024492566868181 [0.626122248185955, 0.7336121018324929, 0.812938137990407, 0.8736932726601894]
0.4887660910348871 [0.6112409297749354, 0.7054482843438692, 0.7842823760915016, 0.8427007748124462]
0.513593995561955 [0.6299348173656377, 0.7337350879350634, 0.8169966793752306, 0.8802115360964211]
0.5228860151725566 [0.6526872463411635, 0.7546427253720329, 0.8297872340425532, 0.8923871602508916]
0.5332799181885044 [0.6680605091624646, 0.7692780715779117, 0.844422580248432, 0.9019800762513835]
0.5376340223163503 [0.6740868281884147, 0.7746894600910097, 0.8424548026073053, 0.8982904931742713]
0.5342226791856991 [0.6745787725986964, 0.7794859180912557, 0.8497109826589595, 0.9043168122002214]
0.5238737406126536 [0.6633870372647891, 0.7612839749108351, 0.829418275734842, 0.8847620218915263]
0.5377124318878341 [0.6758086336244005, 0.7734595990653056, 0.8540154962489239, 0.9088672979953265]
0.562848291596717 [0.7215594637805928, 0.8124461935801255, 0.8791046611732874, 0.9230106997909236]
0.5795928396391846 [0.7391464764481613, 0.82880334522199, 0.8911572992251876, 0.9335875046119788]
0.5905874186023733 [0.7395154347558726, 0.8310170950682573, 0.8950928545074407, 0.9393678514327881]
0.5886653045509722 [0.7534128643463288, 0.8404870249661788, 0.9019800762513835, 0.9415816012790554]
0.5931453436597306 [0.7545197392694626, 0.8412249415816013, 0.9040708399950805, 0.9440413233304636]
0.6001164012734376 [0.7539048087566105, 0.84085598327389, 0.902103062353954, 0.9446562538433158]
0.5975864567875119 [0.7561185586028779, 0.845037510761284, 0.901488131841102, 0.94293444840733]
0.6037435001972918 [0.753166892141188, 0.8347066781453696, 0.8906653548149059, 0.9350633378428238]
0.6031819461818342 [0.7623908498339688, 0.8455294551715656, 0.9016111179436723, 0.9431804206124708]
0.5924918749038132 [0.7596851555774198, 0.8433157053252982, 0.9001352847128274, 0.9378920182019432]
0.6038067981704164 [0.7631287664493912, 0.8532775796335014, 0.9068995203542, 0.94293444840733]
0.6009620917668702 [0.7559955725003075, 0.8462673717869881, 0.9038248677899398, 0.9405977124584922]
0.6000551727116227 [0.7605460582954127, 0.8419628581970238, 0.9003812569179682, 0.9371541015865207]
0.6017600972324992 [0.7692780715779117, 0.8520477186077973, 0.9093592424056082, 0.9452711843561677]
0.6095438070046382 [0.7657114746033699, 0.8502029270692412, 0.9034559094822285, 0.9399827819456401]
0.6083649383159011 [0.7690320993727708, 0.8529086213257902, 0.908990284097897, 0.9462550731767311]
0.599822655876834 [0.7663264051162219, 0.8493420243512483, 0.9097282007133194, 0.9436723650227524]
0.5970645200491539 [0.7723527241421719, 0.8580740376337473, 0.9110810478415939, 0.9469929897921535]
0.6033736581673218 [0.7680482105522076, 0.8549993850694871, 0.9071454925593408, 0.9441643094330341]
0.5971440533282981 [0.7593161972697086, 0.8439306358381503, 0.8986594514819826, 0.931250768663141]
0.6129972972617862 [0.770876890911327, 0.8552453572746279, 0.9118189644570164, 0.945640142663879]
0.6114610678647845 [0.7777641126552699, 0.8610257040954372, 0.913540769893002, 0.9471159758947238]
0.6026665102066548 [0.7730906407575944, 0.8578280654286066, 0.9104661173287418, 0.9453941704587382]
0.6069908507793339 [0.7760423072192842, 0.8596728569671627, 0.9134177837904317, 0.9452711843561677]
0.6005347988862413 [0.7662034190136514, 0.856475218300332, 0.9073914647644816, 0.9412126429713442]
0.6078591060155658 [0.7689091132702005, 0.8553683433771984, 0.9070225064567704, 0.9421965317919075]
0.6044254374150928 [0.7775181404501291, 0.858565982044029, 0.9092362563030377, 0.9440413233304636]
0.6029923117188545 [0.7755503628090026, 0.8588119542491699, 0.9114500061493052, 0.9465010453818719]
0.61454101285067 [0.7792399458861149, 0.8617636207108597, 0.9161234780469807, 0.9469929897921535]
0.6133441763362206 [0.7749354322961506, 0.8600418152748739, 0.912310908867298, 0.9455171565613085]
0.6075641661201981 [0.7787480014758332, 0.8647152871725495, 0.9168613946624031, 0.9479768786127167]
0.5923629901356635 [0.7732136268601648, 0.8583200098388882, 0.9065305620464887, 0.9388759070225065]
0.6001414297570297 [0.7797318902963966, 0.8622555651211413, 0.913540769893002, 0.9478538925101464]
0.6074257831698294 [0.7830525150657975, 0.8632394539417045, 0.9128028532775796, 0.9465010453818719]
0.6033936693561165 [0.7850202927069241, 0.8680359119419505, 0.9153855614315582, 0.9473619480998647]
0.5986161585482243 [0.7850202927069241, 0.8649612593776903, 0.9167384085598327, 0.9472389619972943]
0.6067364277540277 [0.7863731398351986, 0.8703726478907884, 0.919813061124093, 0.9508055589718362]
0.608567651523593 [0.7866191120403394, 0.8682818841470914, 0.919813061124093, 0.9526503505103924]
0.6035085134031973 [0.7819456401426639, 0.8636084122494159, 0.9131718115852908, 0.9474849342024351]
0.601597017433352 [0.7876030008609027, 0.867543967531669, 0.9190751445086706, 0.949821670151273]
0.6040698516481876 [0.7787480014758332, 0.8610257040954372, 0.9145246587135654, 0.9468700036895831]
0.6029735850291827 [0.7796089041938261, 0.8663141065059649, 0.9125568810724388, 0.9439183372278932]


