0.8155208461443857_cars_1638789833.4241657
{'mode': 'train', 'application': 'DML', 'output_paht': '.', 'models': {'encoder_params': {'pretrained_path': 'no', 'net_type': 'resnet18', 'neck': 0, 'last_stride': 0, 'red': 4, 'bn_inception': {'embed': 1, 'sz_embedding': 512}}, 'gnn_params': {'pretrained_path': 'no', 'red': 1, 'cat': 1, 'every': 0, 'gnn': {'num_layers': 2, 'aggregator': 'add', 'num_heads': 8, 'attention': 'dot', 'mlp': 1, 'dropout_mlp': 0.1, 'norm1': 1, 'norm2': 1, 'res1': 1, 'res2': 1, 'dropout_1': 0.1, 'dropout_2': 0.1, 'mult_attr': 0}, 'classifier': {'neck': 1, 'num_classes': 98, 'dropout_p': 0.4, 'use_batchnorm': 0}}}, 'graph_params': {'sim_type': 'correlation', 'thresh': 'no', 'set_negative': 'hard'}, 'dataset': {'dataset_path': '/storage/remote/atcremers62/w0013/CARS', 'dataset_short': 'cars', 'num_classes': 98, 'trans': 'GL_orig_RE', 'number_aug': 2, 'magnitude': 27, 'sampling': 'no', 'bssampling': 'no', 'val': 0, 'nb_workers': 4}, 'train_params': {'num_classes_iter': 10, 'num_elements_class': 7, 'lr': 0.00036683239911604993, 'weight_decay': 2.551918610962277e-09, 'num_epochs': 70, 'is_apex': 'from yaml', 'temperatur': 0.1111111111111, 'output_train_enc': 'plain', 'output_train_gnn': 'plain', 'loss_fn': {'fns': 'lsce_lsgnn', 'scaling_ce': 1, 'scaling_gnn': 1, 'scaling_distance': 0.01, 'scaling_center': 0.5, 'scaling_triplet': 1, 'scaling_of': 1, 'scaling_of_pre': 1, 'scaling_distill': 1, 'soft_temp': 10, 'preds': 'no', 'feats': 'no'}}, 'eval_params': {'output_test_enc': 'plain', 'output_test_gnn': 'plain', 'cat': 0}}
0.24660371995745003 [0.2034190136514574, 0.27647275857828063, 0.3694502521215103, 0.4834583692042799]
0.2697517171348909 [0.24695609396138235, 0.33169351863239455, 0.43438691427868653, 0.5479030869511745]
0.284962113539102 [0.2812692165785266, 0.37941212642971345, 0.4828434386914279, 0.5900873201328249]
0.33650235486855 [0.36674455786496124, 0.47374246710121753, 0.5843069733120158, 0.6937646045996803]
0.36294231907558944 [0.44115114992005905, 0.5561431558233919, 0.6679375230598942, 0.7641126552699545]
0.39076774530785185 [0.4934202435124831, 0.6066904439798303, 0.7044643955233059, 0.791907514450867]
0.40454312849074364 [0.5317919075144508, 0.6454310662895093, 0.7393924486533022, 0.8214241790677653]
0.4553179151650453 [0.6059525273644079, 0.7193457139343254, 0.8064198745541754, 0.8719714672242037]
0.44940902011649375 [0.5776657237732137, 0.6828188414709138, 0.7686631410650596, 0.837535358504489]
0.4791816552054684 [0.6296888451604968, 0.730045504857951, 0.8086336244004427, 0.867543967531669]
0.45880125897248897 [0.5962366252613455, 0.696101340548518, 0.7780100848604108, 0.8435616775304391]
0.5319897933280535 [0.6997909236256303, 0.7893248062968885, 0.8580740376337473, 0.9044397983027918]
0.5363558312156387 [0.7039724511130242, 0.7991636945025212, 0.8628704956339933, 0.9116959783544459]
0.5575200650175006 [0.7195916861394662, 0.8070348050670274, 0.8650842454802607, 0.9153855614315582]
0.5724644490887346 [0.7454187676792522, 0.8317550116836797, 0.8875907022506456, 0.9278071577911696]
0.5709698075560615 [0.7406223096790062, 0.8290493174271307, 0.8917722297380396, 0.9311277825605706]
0.5765377601776241 [0.7617759193211168, 0.8401180666584676, 0.8948468823022998, 0.9318656991759932]
0.592092050762945 [0.7658344607059402, 0.847743205017833, 0.9056696593284959, 0.9393678514327881]
0.5767667145640413 [0.7539048087566105, 0.8417168859918829, 0.8992743819948346, 0.9356782683556758]
0.5780231942925008 [0.7505841839872095, 0.8305251506579756, 0.8825482720452589, 0.9193211167138113]
0.5821940760841237 [0.7695240437830525, 0.8527856352232198, 0.9049317427130734, 0.9409666707662034]
0.5814752678176822 [0.7591932111671381, 0.8438076497355799, 0.894600910097159, 0.9328495879965564]
0.5881813611692945 [0.7772721682449883, 0.8573361210183249, 0.9087443118927562, 0.9421965317919075]
0.5962162823151427 [0.7845283482966425, 0.8665600787111056, 0.915016603123847, 0.9500676423564137]
0.5885434845546766 [0.7808387652195302, 0.8615176485057189, 0.9115729922518755, 0.9417045873816259]
0.594353540792879 [0.776288279424425, 0.858565982044029, 0.9115729922518755, 0.9440413233304636]
0.6075132407261591 [0.7884639035788956, 0.8668060509162465, 0.9140327143032837, 0.948345836920428]
0.6027876275646754 [0.7785020292706925, 0.8557373016849096, 0.9099741729184602, 0.9441643094330341]
0.5951488261775169 [0.7797318902963966, 0.8604107735825852, 0.9107120895338827, 0.9449022260484565]
0.5989318129305439 [0.7807157791169598, 0.858565982044029, 0.9088672979953265, 0.9397368097404993]
0.6243630182063872 [0.8011314721436478, 0.8761529947115976, 0.9223957692780715, 0.9493297257409913]
0.6262936225297927 [0.8055589718361825, 0.8752920919936047, 0.9217808387652195, 0.9514204894846883]
0.6169480974585801 [0.8040831386053376, 0.8760300086090271, 0.9233796580986349, 0.9544951420489485]
0.6250544767580375 [0.8064198745541754, 0.8804575083015619, 0.9249784774320502, 0.9551100725618005]
0.6312778246090573 [0.8104784159389989, 0.881072438814414, 0.9274381994834584, 0.9559709752797934]
0.6285006186609535 [0.8085106382978723, 0.8800885499938507, 0.9260853523551839, 0.9563399335875046]
0.6214343450749584 [0.8028532775796335, 0.8749231336858935, 0.9221497970729308, 0.9499446562538433]
0.6271605928003474 [0.809002582708154, 0.8793506333784282, 0.9271922272783175, 0.9560939613823638]
0.6267080957137838 [0.8096175132210061, 0.8784897306604353, 0.925224449637191, 0.9517894477923995]
0.6333314462354045 [0.8054359857336121, 0.8778748001475833, 0.9216578526626491, 0.9517894477923995]
0.6311856921276325 [0.8125691796826958, 0.883163202558111, 0.9303898659451482, 0.9567088918952158]
0.6194283861943276 [0.8078957077850203, 0.8767679252244497, 0.9242405608166278, 0.9524043783052515]
0.6304761168302887 [0.8086336244004427, 0.8804575083015619, 0.9274381994834584, 0.9549870864592301]
0.6215108445962554 [0.8076497355798795, 0.8775058418398721, 0.9236256303037756, 0.9538802115360964]
0.6257613209574412 [0.8109703603492805, 0.8802115360964211, 0.9257163940474726, 0.952281392202681]
0.6145942797218422 [0.7984257778870988, 0.8652072315828312, 0.9099741729184602, 0.9391218792276472]
0.6303325604561535 [0.814413971221252, 0.8839011191735334, 0.9281761160988808, 0.9554790308695117]
0.6294763106035298 [0.8066658467593162, 0.8772598696347312, 0.9217808387652195, 0.951051531176977]
0.630268858352447 [0.8115852908621326, 0.8794736194809987, 0.925224449637191, 0.9546181281515189]
0.622851300745649 [0.8086336244004427, 0.8791046611732874, 0.9228877136883532, 0.9517894477923995]
0.6258273879220531 [0.8155208461443857, 0.8862378551223712, 0.9291600049194441, 0.956462919690075]
0.6280810416385966 [0.814413971221252, 0.8803345221989916, 0.9249784774320502, 0.953757225433526]
0.6301472143172046 [0.8124461935801255, 0.8809494527118436, 0.9247325052269093, 0.9526503505103924]
0.6240009441881571 [0.8075267494773091, 0.8749231336858935, 0.9200590333292338, 0.9484688230229984]
0.6227761834857773 [0.8131841101955479, 0.8863608412249416, 0.9321116713811339, 0.9568318779977862]
0.6263354287288829 [0.8134300824006887, 0.8841470913786742, 0.9276841716885992, 0.9562169474849342]
0.6329829293037961 [0.8104784159389989, 0.881687369327266, 0.9270692411757472, 0.9562169474849342]
0.6268840672948269 [0.8060509162464642, 0.8771368835321609, 0.9206739638420859, 0.9515434755872586]
0.6202799898822493 [0.8045750830156192, 0.8772598696347312, 0.9212888943549379, 0.9478538925101464]
0.6271203067044084 [0.8119542491698438, 0.8803345221989916, 0.9241175747140573, 0.9496986840487025]
0.6233067317399359 [0.8061739023490345, 0.8825482720452589, 0.9296519493297257, 0.9556020169720821]
0.6224379235698806 [0.8072807772721683, 0.8813184110195548, 0.9285450744065921, 0.9544951420489485]
0.6343335751598659 [0.8107243881441397, 0.8818103554298364, 0.9318656991759932, 0.9590456278440537]
0.6312834719723269 [0.8113393186569917, 0.8848850079940966, 0.92793014389374, 0.9560939613823638]
0.622721016950972 [0.7997786250153732, 0.8748001475833231, 0.9209199360472267, 0.9487147952281392]
0.6277922632094203 [0.8122002213749846, 0.883778133070963, 0.9268232689706063, 0.9541261837412373]
0.6265665377288959 [0.808387652195302, 0.8825482720452589, 0.9274381994834584, 0.955847989177223]
0.6258332418440719 [0.808387652195302, 0.8829172303529701, 0.9248554913294798, 0.9556020169720821]
0.6316165275734997 [0.8134300824006887, 0.8862378551223712, 0.9275611855860287, 0.9581847251260608]
0.6249875228491674 [0.8054359857336121, 0.8805804944041323, 0.9190751445086706, 0.9509285450744066]


