0.6893990546927752_cub_1640094312.1093714
{'mode': 'train', 'application': 'DML', 'output_paht': '.', 'models': {'encoder_params': {'pretrained_path': 'no', 'net_type': 'resnet50', 'neck': 0, 'last_stride': 0, 'red': 4, 'bn_inception': {'embed': 1, 'sz_embedding': 512}}, 'gnn_params': {'pretrained_path': 'no', 'red': 1, 'cat': 0, 'every': 0, 'gnn': {'num_layers': 1, 'aggregator': 'add', 'num_heads': 2, 'attention': 'dot', 'mlp': 1, 'dropout_mlp': 0.1, 'norm1': 1, 'norm2': 1, 'res1': 1, 'res2': 1, 'dropout_1': 0.1, 'dropout_2': 0.1, 'mult_attr': 0}, 'classifier': {'neck': 1, 'num_classes': 100, 'dropout_p': 0.4, 'use_batchnorm': 0}}}, 'graph_params': {'sim_type': 'correlation', 'thresh': 'no', 'set_negative': 'hard'}, 'dataset': {'dataset_path': '/storage/remote/atcremers62/w0013/CUB_200_2011/CUB_200_2011/', 'dataset_short': 'cub', 'num_classes': 100, 'number_aug': 2, 'magnitude': 27, 'trans': 'GL_orig_RE', 'sampling': 'no', 'bssampling': 'NumberSampler', 'val': 0, 'nb_workers': 4}, 'train_params': {'num_classes_iter': 6, 'num_elements_class': 9, 'lr': 0.0001563663718906821, 'weight_decay': 6.059722614369727e-06, 'num_epochs': 70, 'is_apex': 0, 'temperatur': 0.2, 'output_train_enc': 'plain', 'output_train_gnn': 'plain', 'loss_fn': {'fns': 'lsgnn_lsce', 'scaling_ce': 1, 'scaling_gnn': 1, 'scaling_distance': 0.01, 'scaling_center': 0.5, 'scaling_triplet': 1, 'scaling_of': 1, 'scaling_of_pre': 1, 'scaling_distill': 1, 'soft_temp': 1, 'feats': 'no', 'preds': 'no'}}, 'eval_params': {'cat': 0, 'output_test_enc': 'plain', 'output_test_gnn': 'plain'}}
0.35905056952613784 [0.212356515867657, 0.31566509115462527, 0.43602295746117486, 0.5707292370020257]
0.5386035275206882 [0.47417285617825794, 0.6076975016880486, 0.7211343686698177, 0.8197164078325456]
0.5765201409858806 [0.5273463875759622, 0.6578325455773126, 0.7601282916948008, 0.8453747467927076]
0.4909424460599535 [0.4225185685347738, 0.5440580688723835, 0.6563133018230926, 0.7574274139095206]
0.6089751962167184 [0.5708980418636057, 0.6836596893990546, 0.7920324105334233, 0.8674881836596894]
0.5809734871778405 [0.5263335584064821, 0.6456785955435517, 0.7510128291694801, 0.8347400405131667]
0.6334973970743362 [0.611411208642809, 0.7218095881161377, 0.8119513841998649, 0.8794733288318703]
0.645839509051576 [0.6244091829844699, 0.7309250506414585, 0.8141458474004052, 0.8843686698176908]
0.649770508411849 [0.6345374746792708, 0.7469615124915597, 0.8306887238352465, 0.8929777177582714]
0.6290666252354272 [0.6100607697501688, 0.7194463200540175, 0.8063808237677245, 0.8693450371370696]
0.6628649025032094 [0.6483794733288318, 0.761985145172181, 0.8387913571910871, 0.8973666441593517]
0.6946006445691117 [0.6635719108710331, 0.7645172180958811, 0.8479068197164078, 0.9036124240378123]
0.674665304972409 [0.6517555705604321, 0.7572586090479406, 0.8323767724510466, 0.8956785955435517]
0.7039935512500451 [0.6725185685347738, 0.7726198514517219, 0.8538149898717083, 0.9098582039162728]
0.6891268705545981 [0.6515867656988521, 0.7626603646185011, 0.8419986495611074, 0.8995611073598919]
0.699700021168981 [0.6583389601620526, 0.7726198514517219, 0.8533085752869682, 0.9093517893315327]
0.7015981547389698 [0.6536124240378123, 0.7663740715732613, 0.8580351114112087, 0.9130654962862931]
0.696985436857494 [0.6553004726536125, 0.7602970965563808, 0.8414922349763673, 0.9027683997299122]
0.7011950122843204 [0.6529372045914922, 0.7606347062795409, 0.8445307224848075, 0.9054692775151925]
0.6408380276088098 [0.6183322079675895, 0.7283929777177582, 0.8143146522619852, 0.8798109385550303]
0.7069188548233324 [0.6583389601620526, 0.7707629979743417, 0.8526333558406483, 0.9117150573936529]
0.6836656194511178 [0.6561444969615124, 0.7572586090479406, 0.8386225523295071, 0.8966914247130318]
0.7036910655502449 [0.6564821066846726, 0.7678933153274814, 0.8472316002700878, 0.9064821066846726]
0.6981347046667474 [0.6487170830519919, 0.7626603646185011, 0.8458811613774476, 0.9034436191762323]
0.7029957308264209 [0.6446657663740716, 0.763166779203241, 0.8506076975016881, 0.9128966914247131]
0.6958006068608712 [0.6446657663740716, 0.7602970965563808, 0.8453747467927076, 0.9054692775151925]
0.695682640710152 [0.6493923024983119, 0.763166779203241, 0.849932478055368, 0.9113774476704929]
0.673613977016149 [0.6318365968939905, 0.74983119513842, 0.8330519918973667, 0.8933153274814315]
0.6805325516751145 [0.6441593517893315, 0.762491559756921, 0.8472316002700878, 0.9086765698852127]
0.6729115007726191 [0.6439905469277515, 0.7547265361242403, 0.8354152599594868, 0.9009115462525321]
0.7074684062010735 [0.6701553004726536, 0.7803848750844025, 0.8553342336259284, 0.9142471303173532]
0.70362054650578 [0.6628966914247131, 0.7761647535449021, 0.8544902093180283, 0.9064821066846726]
0.7053487903531371 [0.6698176907494936, 0.7792032410533424, 0.8566846725185685, 0.912052667116813]
0.7053934085424127 [0.6669480081026333, 0.7822417285617825, 0.8590479405806887, 0.9132343011478731]
0.7088204843885598 [0.6634031060094531, 0.7775151924375422, 0.8516205266711682, 0.9108710330857529]
0.7209154647190739 [0.6696488858879136, 0.7824105334233626, 0.8568534773801485, 0.912390276839973]
0.7221620340287884 [0.6637407157326131, 0.7810600945307224, 0.8553342336259284, 0.912559081701553]
0.720550761484332 [0.6713369345037137, 0.7815665091154625, 0.8612424037812288, 0.9157663740715732]
0.7139557602571095 [0.6632343011478731, 0.7711006076975017, 0.8566846725185685, 0.911883862255233]
0.7125209466182413 [0.6699864956110736, 0.7820729237002025, 0.8590479405806887, 0.9135719108710331]
0.7190085593481796 [0.662727886563133, 0.775320729237002, 0.8556718433490884, 0.9166103983794733]
0.715053342618573 [0.661883862255233, 0.7781904118838623, 0.8597231600270088, 0.9137407157326131]
0.7300375132412156 [0.6851789331532748, 0.7889939230249832, 0.8712018906144497, 0.9189736664415935]
0.7079209323521669 [0.6617150573936529, 0.7709318028359217, 0.8516205266711682, 0.9107022282241729]
0.7128169811895582 [0.6829844699527347, 0.7901755570560433, 0.8669817690749494, 0.9186360567184335]
0.7190352563223479 [0.6782579338284943, 0.7844361917623227, 0.8607359891964889, 0.9150911546252533]
0.7201585985521687 [0.6893990546927752, 0.7901755570560433, 0.8668129642133694, 0.9171168129642133]
0.7112348676231648 [0.6806212018906145, 0.7840985820391627, 0.8588791357191087, 0.912727886563133]
0.7148942102651733 [0.6772451046590142, 0.7840985820391627, 0.8590479405806887, 0.9134031060094531]
0.7202952080948711 [0.6892302498311952, 0.7930452397029034, 0.8668129642133694, 0.9155975692099932]
0.7128676475235696 [0.6728561782579339, 0.7771775827143822, 0.8588791357191087, 0.9134031060094531]
0.7173962877965347 [0.6706617150573937, 0.775489534098582, 0.8568534773801485, 0.9145847400405132]
0.7176379765752439 [0.6745442268737339, 0.7835921674544227, 0.8607359891964889, 0.9172856178257934]
0.7160727458601389 [0.6760634706279541, 0.786968264686023, 0.8644496961512491, 0.9184672518568535]
0.7132694341145693 [0.6713369345037137, 0.7815665091154625, 0.8622552329507089, 0.9145847400405132]
0.7218761879629472 [0.6730249831195139, 0.7866306549628629, 0.8661377447670493, 0.9182984469952734]
0.7277776554125234 [0.6818028359216746, 0.7883187035786631, 0.8639432815665091, 0.9174544226873734]
0.7168027530734034 [0.6689736664415935, 0.7807224848075625, 0.862424037812289, 0.9154287643484132]
0.6989852984859798 [0.662559081701553, 0.7780216070222823, 0.8593855503038488, 0.9150911546252533]
0.7308076771870651 [0.6775827143821742, 0.7962525320729237, 0.8703578663065497, 0.9208305199189737]
0.7189668334850607 [0.6861917623227549, 0.7901755570560433, 0.8674881836596894, 0.9189736664415935]
0.7046557168603086 [0.674206617150574, 0.7768399729912221, 0.8548278190411884, 0.9181296421336934]
0.72176550863693 [0.6858541525995948, 0.7862930452397029, 0.863268062120189, 0.9223497636731938]
0.7213068966078454 [0.6644159351789332, 0.7721134368669818, 0.8576975016880486, 0.9137407157326131]
0.7182718369444866 [0.6737002025658338, 0.7834233625928426, 0.8654625253207292, 0.9177920324105334]
0.723877313755452 [0.6726873733963538, 0.7842673869007427, 0.8656313301823092, 0.9147535449020932]
0.7303936026178508 [0.675557056043214, 0.7807224848075625, 0.8647873058744092, 0.9177920324105334]
0.7249250041756359 [0.6737002025658338, 0.7805536799459825, 0.861748818365969, 0.9220121539500338]
0.7224674947905448 [0.6613774476704929, 0.7771775827143822, 0.8585415259959487, 0.9172856178257934]
0.7214732354495226 [0.6580013504388926, 0.7722822417285617, 0.8602295746117489, 0.9189736664415935]


