0.5687035786630655_cub_1638947672.8212905
{'mode': 'train', 'application': 'DML', 'output_paht': '.', 'models': {'encoder_params': {'pretrained_path': 'no', 'net_type': 'resnet18', 'neck': 0, 'last_stride': 0, 'red': 4, 'bn_inception': {'embed': 1, 'sz_embedding': 512}}, 'gnn_params': {'pretrained_path': 'no', 'red': 1, 'cat': 0, 'every': 0, 'gnn': {'num_layers': 1, 'aggregator': 'add', 'num_heads': 2, 'attention': 'dot', 'mlp': 1, 'dropout_mlp': 0.1, 'norm1': 1, 'norm2': 1, 'res1': 0, 'res2': 0, 'dropout_1': 0.1, 'dropout_2': 0.1, 'mult_attr': 0}, 'classifier': {'neck': 1, 'num_classes': 100, 'dropout_p': 0.4, 'use_batchnorm': 0}}}, 'graph_params': {'sim_type': 'correlation', 'thresh': 'no', 'set_negative': 'hard'}, 'dataset': {'dataset_path': '/storage/remote/atcremers51/w0013/intra_batch_data/CUB_200_2011/', 'dataset_short': 'cub', 'num_classes': 100, 'number_aug': 2, 'magnitude': 27, 'trans': 'GL_orig_RE', 'sampling': 'no', 'bssampling': 'NumberSampler', 'val': 0, 'nb_workers': 4}, 'train_params': {'num_classes_iter': 6, 'num_elements_class': 9, 'lr': 0.0001563663718906821, 'weight_decay': 6.059722614369727e-06, 'num_epochs': 70, 'is_apex': 'from yaml', 'temperatur': 0.2, 'output_train_enc': 'plain', 'output_train_gnn': 'plain', 'loss_fn': {'fns': 'lsgnn_lsce', 'scaling_ce': 1, 'scaling_gnn': 1, 'scaling_distance': 0.01, 'scaling_center': 0.5, 'scaling_triplet': 1, 'scaling_of': 1, 'scaling_of_pre': 1, 'scaling_distill': 1, 'soft_temp': 1, 'feats': 'no', 'preds': 'no'}}, 'eval_params': {'cat': 0, 'output_test_enc': 'plain', 'output_test_gnn': 'plain'}}
0.3544475911883162 [0.21033085752869682, 0.30806887238352465, 0.4258946657663741, 0.5606009453072248]
0.2758759652962033 [0.11647535449020932, 0.18214044564483456, 0.27278865631330185, 0.39010803511141123]
0.32514343445081556 [0.16796083727211344, 0.24561107359891965, 0.3561782579338285, 0.4844699527346388]
0.37321505013831363 [0.23041863605671845, 0.33575286968264684, 0.4486833220796759, 0.5806887238352465]
0.4206649078870002 [0.2923700202565834, 0.4073261309925726, 0.537474679270763, 0.6593517893315327]
0.4189197339556419 [0.29186360567184333, 0.40310600945307223, 0.5319041188386225, 0.6610398379473329]
0.4717084181578496 [0.36158001350438895, 0.4886900742741391, 0.6154625253207292, 0.7358203916272789]
0.49907601525911793 [0.3961850101282917, 0.5207629979743417, 0.6531060094530723, 0.7680621201890614]
0.49849504385540433 [0.412896691424713, 0.5393315327481432, 0.6603646185010128, 0.7683997299122215]
0.49649951786862023 [0.412896691424713, 0.537474679270763, 0.6598582039162728, 0.7650236326806212]
0.5318002496410048 [0.44463200540175557, 0.5762997974341662, 0.6915935178933154, 0.7884875084402431]
0.5500525048714557 [0.47721134368669815, 0.6043214044564483, 0.7159014179608373, 0.8156650911546253]
0.5519626846660382 [0.47316002700877785, 0.5960499662390277, 0.7133693450371371, 0.812288993923025]
0.5628715994917568 [0.5, 0.6259284267386901, 0.7370020256583389, 0.8268062120189061]
0.5630959805150699 [0.5045577312626603, 0.62508440243079, 0.7413909520594193, 0.8328831870357867]
0.5836589845770013 [0.5288656313301823, 0.6532748143146523, 0.7594530722484808, 0.8460499662390277]
0.5830138545415756 [0.5153612424037812, 0.6495611073598919, 0.7574274139095206, 0.8446995273463875]
0.5772630727700606 [0.5227886563133018, 0.6446657663740716, 0.7584402430790007, 0.8484132343011479]
0.5861749081861037 [0.5214382174206618, 0.6493923024983119, 0.7601282916948008, 0.8512829169480081]
0.5802158418172002 [0.5227886563133018, 0.6423024983119514, 0.7515192437542201, 0.8411546252532073]
0.5954717093169372 [0.5349426063470628, 0.6628966914247131, 0.7716070222822418, 0.8593855503038488]
0.5847993024873128 [0.5440580688723835, 0.6721809588116138, 0.7700877785280216, 0.8576975016880486]
0.6021056233457309 [0.5393315327481432, 0.6603646185010128, 0.7721134368669818, 0.8551654287643484]
0.5919138778782327 [0.5334233625928426, 0.6590141796083727, 0.7694125590817016, 0.8521269412559082]
0.594324912284676 [0.5342673869007427, 0.6640783254557732, 0.7739702903443619, 0.8583727211343687]
0.597414045799284 [0.5339297771775827, 0.6612086428089129, 0.7704253882511817, 0.8560094530722485]
0.6073800628524826 [0.5523295070898042, 0.6775827143821742, 0.7778528021607022, 0.8661377447670493]
0.5692808464736526 [0.5168804861580013, 0.6399392302498312, 0.74983119513842, 0.8460499662390277]
0.6017207167557265 [0.5467589466576638, 0.6765698852126941, 0.7851114112086428, 0.8700202565833896]
0.5876970663458084 [0.5484469952734639, 0.6716745442268738, 0.7758271438217421, 0.8549966239027684]
0.6117837482206813 [0.5612761647535449, 0.6797771775827144, 0.7859554355165429, 0.8695138419986496]
0.6038172074703738 [0.5557056043214045, 0.6794395678595544, 0.7832545577312626, 0.8674881836596894]
0.6056578936991737 [0.5553679945982444, 0.6785955435516543, 0.786799459824443, 0.8688386225523295]
0.6141564782236788 [0.5565496286293046, 0.6796083727211344, 0.7883187035786631, 0.8725523295070898]
0.604009384238042 [0.5587440918298447, 0.6787643484132343, 0.786968264686023, 0.8740715732613099]
0.6148313490480767 [0.5545239702903444, 0.6769074949358541, 0.7846049966239028, 0.8688386225523295]
0.6152421992927818 [0.5521607022282242, 0.675388251181634, 0.7827481431465226, 0.8654625253207292]
0.6088641759712569 [0.5568872383524646, 0.6809588116137745, 0.7839297771775827, 0.8664753544902093]
0.6140332368634952 [0.5497974341661039, 0.6733625928426739, 0.7834233625928426, 0.8698514517218096]
0.6232976752575471 [0.5535111411208643, 0.6764010803511141, 0.7888251181634031, 0.8710330857528696]
0.6123101366709912 [0.5538487508440243, 0.6828156650911547, 0.7930452397029034, 0.8693450371370696]
0.612996447855436 [0.5514854827819041, 0.6789331532748143, 0.787305874409183, 0.8737339635381499]
0.6189340117127419 [0.5560432140445645, 0.6848413234301148, 0.7937204591492235, 0.8774476704929102]
0.6146174255310533 [0.550472653612424, 0.6770762997974341, 0.7891627278865632, 0.8713706954760297]
0.615748650333917 [0.550135043889264, 0.6819716407832546, 0.7913571910871033, 0.8732275489534098]
0.6172172809230512 [0.5579000675219447, 0.6861917623227549, 0.7895003376097232, 0.8732275489534098]
0.6074399398101434 [0.5631330182309251, 0.6833220796758946, 0.7893315327481432, 0.8722147197839297]
0.6122957196492453 [0.5560432140445645, 0.6816340310600946, 0.7866306549628629, 0.8708642808912896]
0.6093868321475644 [0.5579000675219447, 0.6880486158001351, 0.7908507765023632, 0.8725523295070898]
0.6123627864417367 [0.5592505064145847, 0.6838284942606347, 0.7900067521944631, 0.8723835246455098]
0.6070605216278604 [0.5562120189061445, 0.6831532748143146, 0.7852802160702228, 0.8708642808912896]
0.6107864814901663 [0.5582376772451046, 0.6816340310600946, 0.7862930452397029, 0.8715395003376097]
0.6087472538752009 [0.5524983119513842, 0.6807900067521945, 0.7884875084402431, 0.8713706954760297]
0.6069584856152045 [0.5599257258609048, 0.6883862255232951, 0.7906819716407832, 0.8728899392302498]
0.616919176892632 [0.5557056043214045, 0.6836596893990546, 0.787474679270763, 0.8722147197839297]
0.6112739446824225 [0.5550303848750844, 0.6767386900742741, 0.787474679270763, 0.8700202565833896]
0.6245029587685849 [0.5536799459824443, 0.6784267386900743, 0.786968264686023, 0.8737339635381499]
0.613882707978173 [0.5538487508440243, 0.6829844699527347, 0.7911883862255233, 0.8717083051991897]
0.6137906666283205 [0.5575624577987845, 0.6796083727211344, 0.7866306549628629, 0.8696826468602296]
0.6110635993310618 [0.5582376772451046, 0.6831532748143146, 0.7893315327481432, 0.8708642808912896]
0.6194580164392353 [0.5639770425388251, 0.6902430790006753, 0.7916948008102633, 0.8703578663065497]
0.6133443287433449 [0.5663403106009454, 0.6865293720459149, 0.7903443619176233, 0.8688386225523295]
0.6067441674046591 [0.5636394328156651, 0.6796083727211344, 0.7859554355165429, 0.8669817690749494]
0.6138219317176996 [0.5687035786630655, 0.6882174206617151, 0.7916948008102633, 0.8737339635381499]
0.6227375420261885 [0.562457798784605, 0.6833220796758946, 0.7852802160702228, 0.8706954760297096]
0.620703656705668 [0.5585752869682646, 0.6807900067521945, 0.7925388251181634, 0.8688386225523295]
0.619684735585882 [0.5531735313977042, 0.6829844699527347, 0.7854490209318028, 0.8658001350438893]
0.6094280571065239 [0.5558744091829845, 0.6780891289669142, 0.7866306549628629, 0.8681634031060095]
0.6163974165076681 [0.5562120189061445, 0.6824780553679946, 0.7864618501012829, 0.8690074274139096]
0.611199537153515 [0.5563808237677245, 0.6774139095205942, 0.787305874409183, 0.8706954760297096]


