0.6039837947332883_cub_1638431206.177469
{'mode': 'train', 'application': 'DML', 'output_paht': '.', 'models': {'encoder_params': {'pretrained_path': 'no', 'net_type': 'resnet18', 'neck': 0, 'last_stride': 0, 'red': 4, 'bn_inception': {'embed': 1, 'sz_embedding': 512}}, 'gnn_params': {'pretrained_path': 'no', 'red': 1, 'cat': 0, 'every': 0, 'gnn': {'num_layers': 1, 'aggregator': 'add', 'num_heads': 2, 'attention': 'dot', 'mlp': 1, 'dropout_mlp': 0.1, 'norm1': 1, 'norm2': 1, 'res1': 1, 'res2': 1, 'dropout_1': 0.1, 'dropout_2': 0.1, 'mult_attr': 0}, 'classifier': {'neck': 1, 'num_classes': 100, 'dropout_p': 0.4, 'use_batchnorm': 0}}}, 'graph_params': {'sim_type': 'correlation', 'thresh': 'no', 'set_negative': 'hard'}, 'dataset': {'dataset_path': '/storage/remote/atcremers62/w0013/CUB_200_2011/CUB_200_2011/', 'dataset_short': 'cub', 'num_classes': 100, 'number_aug': 2, 'magnitude': 27, 'trans': 'GL_orig_RE', 'sampling': 'no', 'bssampling': 'NumberSampler', 'val': 0, 'nb_workers': 4}, 'train_params': {'num_classes_iter': 6, 'num_elements_class': 9, 'lr': 0.0001563663718906821, 'weight_decay': 6.059722614369727e-06, 'num_epochs': 70, 'is_apex': 'from yaml', 'temperatur': 0.2, 'output_train_enc': 'plain', 'output_train_gnn': 'plain', 'loss_fn': {'fns': 'lsgnn_lsce', 'scaling_ce': 1, 'scaling_gnn': 1, 'scaling_distance': 0.01, 'scaling_center': 0.5, 'scaling_triplet': 1, 'scaling_of': 1, 'scaling_of_pre': 1, 'scaling_distill': 1, 'soft_temp': 1, 'feats': 'no', 'preds': 'no'}}, 'eval_params': {'cat': 0, 'output_test_enc': 'plain', 'output_test_gnn': 'plain'}}
0.4125989401135387 [0.2609723160027009, 0.3683322079675895, 0.49679270762997974, 0.6394328156650911]
0.3517980496675799 [0.20054017555705606, 0.2960837272113437, 0.4169480081026334, 0.548953409858204]
0.4229450337595563 [0.287812288993923, 0.40074274139095206, 0.5307224848075625, 0.6644159351789332]
0.4821716911361768 [0.3820054017555706, 0.4986495611073599, 0.6266036461850101, 0.74949358541526]
0.521926287116095 [0.42302498311951386, 0.5553679945982444, 0.6762322754895341, 0.7824105334233626]
0.5429080408674051 [0.46151249155975693, 0.587440918298447, 0.7037474679270763, 0.8082376772451046]
0.5590421409068624 [0.48818365968939903, 0.611411208642809, 0.7319378798109386, 0.8229237002025659]
0.5751989625435597 [0.4981431465226199, 0.6222147197839297, 0.737508440243079, 0.8369345037137069]
0.5808272380773146 [0.5192437542201216, 0.6455097906819717, 0.7613099257258609, 0.8534773801485482]
0.5653832794252789 [0.5018568534773802, 0.6311613774476705, 0.7415597569209993, 0.8404794058068873]
0.5961881531672707 [0.549459824442944, 0.6635719108710331, 0.7675557056043214, 0.8582039162727887]
0.5962413137097659 [0.5364618501012829, 0.6615462525320729, 0.7687373396353815, 0.8534773801485482]
0.6095092246713179 [0.549122214719784, 0.6801147873058744, 0.7785280216070223, 0.8656313301823092]
0.6002216140346628 [0.5462525320729237, 0.6696488858879136, 0.7690749493585415, 0.8555030384875084]
0.6085987939367749 [0.5528359216745442, 0.6785955435516543, 0.7761647535449021, 0.8609047940580689]
0.6088121982033385 [0.5604321404456448, 0.6846725185685347, 0.7862930452397029, 0.8674881836596894]
0.59382470584672 [0.5330857528696826, 0.6588453747467927, 0.7663740715732613, 0.8553342336259284]
0.6261277353441355 [0.562120189061445, 0.687035786630655, 0.7905131667792032, 0.8723835246455098]
0.631750878173601 [0.5700540175557056, 0.6890614449696151, 0.798953409858204, 0.8782916948008103]
0.6251872343023461 [0.5788318703578663, 0.7029034436191762, 0.8028359216745442, 0.8798109385550303]
0.6230742775103836 [0.5688723835246455, 0.6904118838622553, 0.7955773126266037, 0.8732275489534098]
0.6237859164955528 [0.5693787981093855, 0.6959824442943957, 0.7933828494260635, 0.8776164753544902]
0.6211217567131849 [0.5614449696151249, 0.6846725185685347, 0.7911883862255233, 0.8649561107359892]
0.6258160041706187 [0.5693787981093855, 0.6922687373396353, 0.8013166779203241, 0.8813301823092505]
0.6335708507482273 [0.5708980418636057, 0.6961512491559757, 0.7960837272113437, 0.8762660364618501]
0.631480722512898 [0.562457798784605, 0.6885550303848751, 0.7986158001350439, 0.8740715732613099]
0.635627943537231 [0.5784942606347063, 0.7056043214044565, 0.8011478730587441, 0.8769412559081702]
0.6265099240885095 [0.5842336259284268, 0.7027346387575962, 0.800641458474004, 0.8801485482781904]
0.6153313762350745 [0.5692099932478055, 0.6944632005401755, 0.7950708980418636, 0.8733963538149899]
0.6248621486912072 [0.5654962862930453, 0.6912559081701553, 0.7901755570560433, 0.8730587440918298]
0.6490298165085426 [0.5968939905469277, 0.7111748818365969, 0.8080688723835247, 0.8830182309250506]
0.6397292688459073 [0.5847400405131667, 0.7020594193112761, 0.8119513841998649, 0.8828494260634706]
0.6384172794168098 [0.5931802835921675, 0.7061107359891965, 0.8085752869682646, 0.8801485482781904]
0.647271965979612 [0.5938555030384876, 0.7056043214044565, 0.8131330182309251, 0.8862255232950709]
0.6427902404241167 [0.5911546252532073, 0.7113436866981769, 0.8117825793382849, 0.8863943281566509]
0.648818831652888 [0.5984132343011479, 0.7115124915597569, 0.8111073598919649, 0.887575962187711]
0.6382053098597729 [0.5904794058068873, 0.7071235651586766, 0.8075624577987845, 0.8823430114787306]
0.6460330574793487 [0.5933490884537475, 0.7089804186360568, 0.8112761647535449, 0.887069547602971]
0.6387559435166257 [0.5896353814989872, 0.7039162727886563, 0.8060432140445645, 0.887407157326131]
0.6366492109209864 [0.5825455773126266, 0.7108372721134368, 0.8089128966914247, 0.888251181634031]
0.6435971897595626 [0.5919986495611074, 0.7088116137744767, 0.8100945307224848, 0.887238352464551]
0.6441442830900027 [0.5928426738690075, 0.7064483457123565, 0.8082376772451046, 0.8838622552329507]
0.6398352129868946 [0.5898041863605672, 0.7077987846049967, 0.8085752869682646, 0.8858879135719109]
0.6332949490515767 [0.5871033085752869, 0.7094868332207968, 0.8043551654287644, 0.8838622552329507]
0.6399196560755706 [0.587778528021607, 0.7120189061444969, 0.8094193112761647, 0.8840310600945307]
0.6440507154595382 [0.5852464550979068, 0.7044226873733963, 0.8058744091829845, 0.8791357191087104]
0.6490088739534924 [0.5979068197164078, 0.7199527346387576, 0.8168467251856854, 0.888082376772451]
0.6481425494577009 [0.5935178933153274, 0.712862930452397, 0.812626603646185, 0.8863943281566509]
0.645095117407404 [0.5904794058068873, 0.7110060769750168, 0.8095881161377447, 0.8843686698176908]
0.6383553960444044 [0.5864280891289669, 0.7089804186360568, 0.8050303848750844, 0.8831870357866306]
0.6468077096215424 [0.6039837947332883, 0.7148885887913572, 0.8133018230925051, 0.8929777177582714]
0.6416480383079546 [0.5886225523295071, 0.7032410533423362, 0.8040175557056043, 0.8799797434166104]
0.6488107596348317 [0.5989196488858879, 0.712525320729237, 0.8119513841998649, 0.8821742066171506]
0.6393865934825025 [0.5904794058068873, 0.7056043214044565, 0.8060432140445645, 0.8862255232950709]
0.6413391531282556 [0.5985820391627279, 0.7118501012829169, 0.8085752869682646, 0.887069547602971]
0.6401561541501102 [0.5945307224848075, 0.7084740040513167, 0.812120189061445, 0.8877447670492911]
0.6380602576850153 [0.5884537474679271, 0.7045914922349764, 0.8073936529372046, 0.8857191087103309]
0.6419219792447537 [0.5869345037137069, 0.7018906144496961, 0.8067184334908846, 0.8848750844024308]
0.634203559964749 [0.5887913571910871, 0.7089804186360568, 0.8111073598919649, 0.886731937879811]
0.6423074900482612 [0.5965563808237677, 0.712862930452397, 0.812457798784605, 0.887238352464551]
0.6452511965872798 [0.5899729912221472, 0.7077987846049967, 0.8114449696151249, 0.8863943281566509]
0.6436072341668784 [0.5990884537474679, 0.7133693450371371, 0.8133018230925051, 0.8892640108035111]
0.6375332272206857 [0.5965563808237677, 0.7179270762997975, 0.8106009453072248, 0.8862255232950709]
0.6387023013472635 [0.5926738690074275, 0.7049291019581364, 0.8112761647535449, 0.8838622552329507]
0.6449555478846428 [0.5909858203916273, 0.7103308575286968, 0.8102633355840648, 0.8806549628629304]
0.638212867199443 [0.587272113436867, 0.7049291019581364, 0.8079000675219447, 0.8814989871708305]
0.6397679935264632 [0.5887913571910871, 0.7137069547602971, 0.8094193112761647, 0.8857191087103309]
0.6455901596948793 [0.5943619176232275, 0.7143821742066172, 0.8141458474004052, 0.8863943281566509]
0.6479544499804114 [0.5896353814989872, 0.7076299797434166, 0.812795408507765, 0.8860567184334909]
0.6438569397770157 [0.5982444294395679, 0.7170830519918974, 0.8190411883862255, 0.8890952059419311]


