0.6937879810938555_cub_1638781040.378315
{'mode': 'train', 'application': 'DML', 'output_paht': '.', 'models': {'encoder_params': {'pretrained_path': 'no', 'net_type': 'resnet50', 'neck': 0, 'last_stride': 0, 'red': 4, 'bn_inception': {'embed': 1, 'sz_embedding': 512}}, 'gnn_params': {'pretrained_path': 'no', 'red': 1, 'cat': 0, 'every': 0, 'gnn': {'num_layers': 1, 'aggregator': 'add', 'num_heads': 2, 'attention': 'dot', 'mlp': 1, 'dropout_mlp': 0.1, 'norm1': 1, 'norm2': 1, 'res1': 1, 'res2': 1, 'dropout_1': 0.1, 'dropout_2': 0.1, 'mult_attr': 0}, 'classifier': {'neck': 1, 'num_classes': 100, 'dropout_p': 0.4, 'use_batchnorm': 0}}}, 'graph_params': {'sim_type': 'correlation', 'thresh': 'no', 'set_negative': 'hard'}, 'dataset': {'dataset_path': '/gdrive/Othercomputers/My MacBook Pro (1)/data/CUB_200_2011/CUB_200_2011/', 'dataset_short': 'cub', 'num_classes': 100, 'number_aug': 2, 'magnitude': 27, 'trans': 'GL_orig_RE', 'sampling': 'no', 'bssampling': 'NumberSampler', 'val': 0, 'nb_workers': 4}, 'train_params': {'num_classes_iter': 6, 'num_elements_class': 9, 'lr': 0.0001563663718906821, 'weight_decay': 6.059722614369727e-06, 'num_epochs': 70, 'is_apex': '1', 'temperatur': 0.2, 'output_train_enc': 'plain', 'output_train_gnn': 'plain', 'loss_fn': {'fns': 'lsgnn_lsce', 'scaling_ce': 1, 'scaling_gnn': 1, 'scaling_distance': 0.01, 'scaling_center': 0.5, 'scaling_triplet': 1, 'scaling_of': 1, 'scaling_of_pre': 1, 'scaling_distill': 1, 'soft_temp': 1, 'feats': 'no', 'preds': 'no'}}, 'eval_params': {'cat': 0, 'output_test_enc': 'plain', 'output_test_gnn': 'plain'}}
0.5259452789663044 [0.41036461850101286, 0.5440580688723835, 0.6887238352464551, 0.7996286293045239]
0.602667857693705 [0.5486158001350439, 0.6774139095205942, 0.7835921674544227, 0.8669817690749494]
0.5600016362418724 [0.513673193787981, 0.6392640108035111, 0.7462862930452397, 0.8276502363268062]
0.5834861334342989 [0.5359554355165429, 0.6547940580688724, 0.7665428764348413, 0.8480756245779878]
0.647338557367486 [0.6230587440918298, 0.7233288318703579, 0.812120189061445, 0.8813301823092505]
0.6609612423410203 [0.6299797434166104, 0.7435854152599595, 0.8286630654962863, 0.8948345712356516]
0.6690136279604365 [0.6284604996623903, 0.7484807562457799, 0.8303511141120864, 0.8951721809588116]
0.612005082822153 [0.5980756245779878, 0.7071235651586766, 0.799459824442944, 0.8717083051991897]
0.6552744566947281 [0.6431465226198515, 0.75016880486158, 0.8301823092505064, 0.8919648885887913]
0.6773819634349156 [0.6443281566509116, 0.7488183659689399, 0.8327143821742066, 0.8943281566509116]
0.6821498309897446 [0.6553004726536125, 0.7645172180958811, 0.8465563808237677, 0.9056380823767725]
0.6714672020099827 [0.6585077650236327, 0.7628291694800811, 0.8430114787305875, 0.900742741390952]
0.6911237386352937 [0.6468602295746118, 0.7596218771100608, 0.8406482106684673, 0.9051316677920324]
0.7016999815257005 [0.6688048615800135, 0.774814314652262, 0.8546590141796083, 0.9101958136394328]
0.6831617812100473 [0.6568197164078325, 0.7629979743416611, 0.837947332883187, 0.8995611073598919]
0.6902309449453009 [0.6559756920999325, 0.762153950033761, 0.8474004051316678, 0.9047940580688724]
0.6526490853349349 [0.6260972316002701, 0.7427413909520594, 0.8229237002025659, 0.8857191087103309]
0.6739444330957091 [0.6439905469277515, 0.7560769750168805, 0.8411546252532073, 0.8975354490209319]
0.6944816041589488 [0.6487170830519919, 0.7579338284942606, 0.8384537474679271, 0.9010803511141121]
0.6936300908056385 [0.637575962187711, 0.7545577312626603, 0.837778528021607, 0.8968602295746118]
0.6899958105216355 [0.6525995948683322, 0.7626603646185011, 0.8490884537474679, 0.9098582039162728]
0.6953214311439558 [0.6473666441593517, 0.7587778528021607, 0.8446995273463875, 0.9036124240378123]
0.6803618793412272 [0.6520931802835922, 0.763504388926401, 0.8386225523295071, 0.9009115462525321]
0.7008294979774794 [0.6522619851451722, 0.7586090479405807, 0.8443619176232275, 0.9083389601620526]
0.6970910622617985 [0.6586765698852127, 0.7663740715732613, 0.8468939905469277, 0.9078325455773126]
0.6952713150414267 [0.6488858879135719, 0.7640108035111411, 0.8460499662390277, 0.9059756920999325]
0.6937422371289685 [0.650742741390952, 0.7592842673869007, 0.8431802835921675, 0.9054692775151925]
0.7062414905011015 [0.6519243754220122, 0.7555705604321404, 0.8446995273463875, 0.9098582039162728]
0.6798219023090735 [0.6267724510465902, 0.7491559756920999, 0.8391289669142471, 0.9036124240378123]
0.6717031220547408 [0.6409520594193113, 0.7516880486158002, 0.8345712356515868, 0.8936529372045915]
0.703102439614347 [0.6610398379473329, 0.7712694125590817, 0.8534773801485482, 0.912727886563133]
0.707393083555059 [0.6703241053342336, 0.774814314652262, 0.8639432815665091, 0.9142471303173532]
0.6977821122870416 [0.6666103983794733, 0.7761647535449021, 0.8582039162727887, 0.9128966914247131]
0.6978798920920091 [0.6596893990546928, 0.7734638757596218, 0.8590479405806887, 0.9147535449020932]
0.7025338609193783 [0.6591829844699527, 0.7738014854827819, 0.8597231600270088, 0.9159351789331532]
0.7015439117106963 [0.662390276839973, 0.7702565833896016, 0.8558406482106685, 0.9134031060094531]
0.7096452440060023 [0.6581701553004726, 0.7719446320054018, 0.8560094530722485, 0.9150911546252533]
0.7073904111535542 [0.6554692775151925, 0.7699189736664416, 0.8543214044564483, 0.9147535449020932]
0.7001671433919637 [0.6630654962862931, 0.7738014854827819, 0.8585415259959487, 0.9177920324105334]
0.7167127961111498 [0.6586765698852127, 0.7734638757596218, 0.8622552329507089, 0.9193112761647535]
0.710914834616713 [0.6617150573936529, 0.7788656313301823, 0.8593855503038488, 0.9216745442268738]
0.705036723359945 [0.6718433490884538, 0.7788656313301823, 0.8661377447670493, 0.9203241053342336]
0.7010042293658602 [0.675388251181634, 0.7840985820391627, 0.861917623227549, 0.9154287643484132]
0.7125712922342774 [0.6709993247805537, 0.7797096556380824, 0.8570222822417286, 0.9182984469952734]
0.7132295970654572 [0.6760634706279541, 0.7820729237002025, 0.862424037812289, 0.9174544226873734]
0.705069633989677 [0.6563133018230926, 0.7695813639432816, 0.8549966239027684, 0.9147535449020932]
0.706599516845035 [0.6601958136394328, 0.7683997299122215, 0.8568534773801485, 0.9154287643484132]
0.7070120166804851 [0.6682984469952734, 0.7790344361917623, 0.862592842673869, 0.9167792032410533]
0.7013077961433407 [0.6745442268737339, 0.7813977042538826, 0.8641120864280891, 0.9201553004726536]
0.7006993442278795 [0.6571573261309925, 0.7704253882511817, 0.8588791357191087, 0.9147535449020932]
0.7060267109501137 [0.6807900067521945, 0.7859554355165429, 0.8641120864280891, 0.9166103983794733]
0.7112737597895715 [0.6728561782579339, 0.7844361917623227, 0.8620864280891289, 0.9181296421336934]
0.697473613901681 [0.6568197164078325, 0.7687373396353815, 0.8528021607022283, 0.912727886563133]
0.696551566936969 [0.6556380823767725, 0.7648548278190412, 0.850270087778528, 0.9095205941931127]
0.7029503846913554 [0.6581701553004726, 0.7673869007427414, 0.8531397704253882, 0.9150911546252533]
0.6939104434934926 [0.6600270087778528, 0.7648548278190412, 0.8484132343011479, 0.9132343011478731]
0.7102541161574808 [0.6785955435516543, 0.7842673869007427, 0.861580013504389, 0.9204929101958136]
0.7030257640145819 [0.662052667116813, 0.7663740715732613, 0.8517893315327482, 0.9152599594868333]
0.7263398267186371 [0.6937879810938555, 0.7976029709655638, 0.8696826468602296, 0.9193112761647535]
0.7156915537215839 [0.6797771775827144, 0.7822417285617825, 0.8593855503038488, 0.9144159351789332]
0.7155845826928138 [0.6834908845374746, 0.7911883862255233, 0.8649561107359892, 0.924037812288994]
0.710574496000856 [0.6725185685347738, 0.7746455097906819, 0.8585415259959487, 0.912727886563133]
0.697458432572451 [0.6655975692099932, 0.7741390952059419, 0.8538149898717083, 0.9096893990546928]
0.7093768527693475 [0.6593517893315327, 0.7687373396353815, 0.8544902093180283, 0.9115462525320729]
0.6928313185070601 [0.6546252532072924, 0.7683997299122215, 0.8575286968264686, 0.912727886563133]
0.6990564525678669 [0.6591829844699527, 0.7673869007427414, 0.8544902093180283, 0.9103646185010128]
0.6981176422743712 [0.6647535449020932, 0.7711006076975017, 0.8541525995948683, 0.9117150573936529]
0.7071090076408745 [0.6764010803511141, 0.7802160702228225, 0.8576975016880486, 0.9176232275489534]
0.7041210192402971 [0.661883862255233, 0.7711006076975017, 0.8509453072248481, 0.9137407157326131]
0.7026498446967965 [0.6726873733963538, 0.7783592167454423, 0.8583727211343687, 0.9159351789331532]


