0.6910871033085753_cub_1638701922.7159295
{'mode': 'train', 'application': 'DML', 'output_paht': '.', 'models': {'encoder_params': {'pretrained_path': 'no', 'net_type': 'resnet50', 'neck': 0, 'last_stride': 0, 'red': 4, 'bn_inception': {'embed': 1, 'sz_embedding': 512}}, 'gnn_params': {'pretrained_path': 'no', 'red': 1, 'cat': 0, 'every': 0, 'gnn': {'num_layers': 1, 'aggregator': 'add', 'num_heads': 2, 'attention': 'dot', 'mlp': 1, 'dropout_mlp': 0.1, 'norm1': 1, 'norm2': 1, 'res1': 1, 'res2': 1, 'dropout_1': 0.1, 'dropout_2': 0.1, 'mult_attr': 0}, 'classifier': {'neck': 1, 'num_classes': 100, 'dropout_p': 0.4, 'use_batchnorm': 0}}}, 'graph_params': {'sim_type': 'correlation', 'thresh': 'no', 'set_negative': 'hard'}, 'dataset': {'dataset_path': '/gdrive/Othercomputers/My MacBook Pro (1)/data/CUB_200_2011/CUB_200_2011/', 'dataset_short': 'cub', 'num_classes': 100, 'number_aug': 2, 'magnitude': 27, 'trans': 'GL_orig_RE', 'sampling': 'no', 'bssampling': 'NumberSampler', 'val': 0, 'nb_workers': 4}, 'train_params': {'num_classes_iter': 6, 'num_elements_class': 9, 'lr': 0.0001563663718906821, 'weight_decay': 6.059722614369727e-06, 'num_epochs': 70, 'is_apex': '1', 'temperatur': 0.2, 'output_train_enc': 'plain', 'output_train_gnn': 'plain', 'loss_fn': {'fns': 'lsgnn_lsce', 'scaling_ce': 1, 'scaling_gnn': 1, 'scaling_distance': 0.01, 'scaling_center': 0.5, 'scaling_triplet': 1, 'scaling_of': 1, 'scaling_of_pre': 1, 'scaling_distill': 1, 'soft_temp': 1, 'feats': 'no', 'preds': 'no'}}, 'eval_params': {'cat': 0, 'output_test_enc': 'plain', 'output_test_gnn': 'plain'}}
0.3575971277849763 [0.22349763673193787, 0.32579338284942605, 0.4525658338960162, 0.5833896016205267]
0.5473433262025076 [0.4898717083051992, 0.6173193787981094, 0.7336259284267387, 0.8328831870357867]
0.5909858297392037 [0.5551991897366644, 0.6779203241053342, 0.7837609723160027, 0.862424037812289]
0.5788340090850632 [0.5398379473328832, 0.6569885212694125, 0.7599594868332208, 0.8418298446995274]
0.5952480036162264 [0.5619513841998649, 0.6716745442268738, 0.7646860229574611, 0.837440918298447]
0.6518857403281341 [0.637238352464551, 0.7418973666441594, 0.8264686022957461, 0.8896016205266711]
0.6501564804488827 [0.6303173531397704, 0.7407157326130993, 0.8283254557731262, 0.8928089128966914]
0.6291286222612515 [0.6291357191087104, 0.7410533423362593, 0.8224172856178258, 0.8848750844024308]
0.6639335136141554 [0.6426401080351114, 0.75, 0.8320391627278866, 0.8985482781904118]
0.6957082208972026 [0.6569885212694125, 0.7645172180958811, 0.8482444294395679, 0.9086765698852127]
0.6820902397455421 [0.6574949358541526, 0.7579338284942606, 0.8421674544226874, 0.8988858879135719]
0.6728545555005482 [0.6580013504388926, 0.7656988521269412, 0.8443619176232275, 0.900405131667792]
0.6922644307986908 [0.6726873733963538, 0.7810600945307224, 0.8571910871033086, 0.9137407157326131]
0.6668947897892239 [0.6436529372045915, 0.74983119513842, 0.8328831870357867, 0.8923024983119514]
0.6569414865445443 [0.6488858879135719, 0.7525320729237002, 0.8335584064821067, 0.8948345712356516]
0.7104477416385322 [0.6659351789331532, 0.7705941931127617, 0.8538149898717083, 0.9101958136394328]
0.6858810931699344 [0.6659351789331532, 0.7738014854827819, 0.8528021607022283, 0.9069885212694125]
0.6989795412096692 [0.6634031060094531, 0.7759959486833221, 0.8553342336259284, 0.9083389601620526]
0.6939925323666501 [0.6655975692099932, 0.7689061444969615, 0.8528021607022283, 0.9105334233625928]
0.699866270513001 [0.662052667116813, 0.7709318028359217, 0.8521269412559082, 0.9080013504388926]
0.6687548935239526 [0.6446657663740716, 0.7542201215395004, 0.8384537474679271, 0.900236326806212]
0.6874822947905664 [0.662052667116813, 0.7719446320054018, 0.8511141120864281, 0.9063133018230926]
0.700894690330895 [0.6593517893315327, 0.7697501688048616, 0.8489196488858879, 0.9085077650236327]
0.6919098550113278 [0.6694800810263336, 0.7758271438217421, 0.8556718433490884, 0.9080013504388926]
0.6767266830229829 [0.6455097906819717, 0.7592842673869007, 0.8409858203916273, 0.900067521944632]
0.689021281685306 [0.6450033760972316, 0.7589466576637407, 0.8445307224848075, 0.9103646185010128]
0.7045472781023189 [0.6532748143146523, 0.7648548278190412, 0.8467251856853477, 0.9015867656988521]
0.702340486851147 [0.662559081701553, 0.7717758271438218, 0.8511141120864281, 0.9098582039162728]
0.7043945602049505 [0.6674544226873734, 0.7729574611748818, 0.8546590141796083, 0.9100270087778528]
0.6816257219881747 [0.6520931802835922, 0.7601282916948008, 0.8457123565158676, 0.8995611073598919]
0.7028560613271094 [0.6628966914247131, 0.7727886563133018, 0.8549966239027684, 0.9130654962862931]
0.7153066942576384 [0.6696488858879136, 0.7778528021607022, 0.8580351114112087, 0.9167792032410533]
0.7107380943820878 [0.6828156650911547, 0.7856178257933828, 0.861748818365969, 0.9140783254557732]
0.7093419291738463 [0.6709993247805537, 0.7803848750844025, 0.8609047940580689, 0.9139095205941931]
0.717463859966334 [0.6853477380148548, 0.787305874409183, 0.863268062120189, 0.9142471303173532]
0.7216009781970317 [0.6858541525995948, 0.7884875084402431, 0.8656313301823092, 0.9198176907494936]
0.712459391067126 [0.6733625928426739, 0.7842673869007427, 0.8600607697501688, 0.9182984469952734]
0.7183297377766538 [0.674037812288994, 0.7857866306549629, 0.863436866981769, 0.9144159351789332]
0.7192690781735787 [0.6794395678595544, 0.7834233625928426, 0.8620864280891289, 0.9184672518568535]
0.7083381981572094 [0.6839972991222147, 0.7910195813639432, 0.8622552329507089, 0.9176232275489534]
0.7249627886056278 [0.6910871033085753, 0.7930452397029034, 0.8666441593517893, 0.9189736664415935]
0.7232793903139382 [0.687035786630655, 0.7881498987170831, 0.862592842673869, 0.9176232275489534]
0.7186214649759212 [0.6851789331532748, 0.7815665091154625, 0.8607359891964889, 0.9144159351789332]
0.7175994033275548 [0.6775827143821742, 0.7820729237002025, 0.8553342336259284, 0.9164415935178933]
0.7201319141950628 [0.6897366644159352, 0.7913571910871033, 0.8695138419986496, 0.9203241053342336]
0.7249190373972169 [0.687373396353815, 0.7923700202565834, 0.8642808912896691, 0.9189736664415935]
0.7199621005510307 [0.6760634706279541, 0.7832545577312626, 0.8588791357191087, 0.9145847400405132]
0.7186491257820664 [0.6831532748143146, 0.787643484132343, 0.8656313301823092, 0.9204929101958136]
0.714514276693375 [0.6893990546927752, 0.7905131667792032, 0.863099257258609, 0.9193112761647535]
0.720992054308783 [0.6829844699527347, 0.7922012153950033, 0.8649561107359892, 0.9218433490884538]
0.7151784525321792 [0.6731937879810939, 0.7810600945307224, 0.8595543551654288, 0.9171168129642133]
0.7160858875901267 [0.6807900067521945, 0.787137069547603, 0.8666441593517893, 0.9182984469952734]
0.7218472573594951 [0.6899054692775152, 0.7954085077650236, 0.8685010128291695, 0.9216745442268738]
0.7068978006267107 [0.6770762997974341, 0.7889939230249832, 0.8674881836596894, 0.9198176907494936]
0.7151537962351451 [0.6816340310600946, 0.7893315327481432, 0.8654625253207292, 0.9162727886563133]
0.7296523059427803 [0.6829844699527347, 0.7900067521944631, 0.8691762322754896, 0.9199864956110736]
0.7150495419509734 [0.6718433490884538, 0.7851114112086428, 0.8636056718433491, 0.9157663740715732]
0.7247789019021335 [0.674375422012154, 0.7817353139770425, 0.8649561107359892, 0.9155975692099932]
0.7161102040987906 [0.6785955435516543, 0.7857866306549629, 0.863268062120189, 0.9159351789331532]
0.7200886698697614 [0.6765698852126941, 0.7859554355165429, 0.8647873058744092, 0.9174544226873734]
0.724210081970235 [0.687542201215395, 0.7938892640108035, 0.8669817690749494, 0.9211681296421337]
0.7252240548205967 [0.6775827143821742, 0.7903443619176233, 0.8607359891964889, 0.9191424713031735]
0.7205912713013203 [0.6897366644159352, 0.7898379473328832, 0.8666441593517893, 0.9171168129642133]
0.729446673898229 [0.6829844699527347, 0.7908507765023632, 0.8673193787981094, 0.9193112761647535]
0.7029185795820004 [0.6826468602295747, 0.7903443619176233, 0.8649561107359892, 0.9169480081026333]
0.7204229587199844 [0.675557056043214, 0.7879810938555031, 0.862424037812289, 0.9199864956110736]
0.7179588629151659 [0.674037812288994, 0.7819041188386225, 0.8605671843349089, 0.9137407157326131]
0.7168255184986879 [0.6733625928426739, 0.7842673869007427, 0.862592842673869, 0.9150911546252533]
0.7178461378681715 [0.6694800810263336, 0.7792032410533424, 0.8597231600270088, 0.9164415935178933]
0.7064951818619739 [0.6672856178257934, 0.7812288993923024, 0.8570222822417286, 0.9155975692099932]


