0.6890614449696151_cub_1640073494.843151
{'mode': 'train', 'application': 'DML', 'output_paht': '.', 'models': {'encoder_params': {'pretrained_path': 'no', 'net_type': 'resnet50', 'neck': 0, 'last_stride': 0, 'red': 4, 'bn_inception': {'embed': 1, 'sz_embedding': 512}}, 'gnn_params': {'pretrained_path': 'no', 'red': 1, 'cat': 0, 'every': 0, 'gnn': {'num_layers': 1, 'aggregator': 'add', 'num_heads': 2, 'attention': 'dot', 'mlp': 1, 'dropout_mlp': 0.1, 'norm1': 1, 'norm2': 1, 'res1': 1, 'res2': 1, 'dropout_1': 0.1, 'dropout_2': 0.1, 'mult_attr': 0}, 'classifier': {'neck': 1, 'num_classes': 100, 'dropout_p': 0.4, 'use_batchnorm': 0}}}, 'graph_params': {'sim_type': 'correlation', 'thresh': 'no', 'set_negative': 'hard'}, 'dataset': {'dataset_path': '/storage/remote/atcremers62/w0013/CUB_200_2011/CUB_200_2011/', 'dataset_short': 'cub', 'num_classes': 100, 'number_aug': 2, 'magnitude': 27, 'trans': 'GL_orig_RE', 'sampling': 'no', 'bssampling': 'NumberSampler', 'val': 0, 'nb_workers': 4}, 'train_params': {'num_classes_iter': 6, 'num_elements_class': 9, 'lr': 0.0001563663718906821, 'weight_decay': 6.059722614369727e-06, 'num_epochs': 70, 'is_apex': 0, 'temperatur': 0.2, 'output_train_enc': 'plain', 'output_train_gnn': 'plain', 'loss_fn': {'fns': 'lsgnn_lsce', 'scaling_ce': 1, 'scaling_gnn': 1, 'scaling_distance': 0.01, 'scaling_center': 0.5, 'scaling_triplet': 1, 'scaling_of': 1, 'scaling_of_pre': 1, 'scaling_distill': 1, 'soft_temp': 1, 'feats': 'no', 'preds': 'no'}}, 'eval_params': {'cat': 0, 'output_test_enc': 'plain', 'output_test_gnn': 'plain'}}
0.37221750118705343 [0.22282241728561783, 0.3322079675894666, 0.4608372721134369, 0.5943619176232275]
0.5467097358837933 [0.4861580013504389, 0.6173193787981094, 0.7258609047940581, 0.8235989196488859]
0.6084414956409621 [0.5651586765698852, 0.6942943956785955, 0.7932140445644834, 0.8705266711681297]
0.5722861725658465 [0.5322417285617825, 0.6524307900067522, 0.7574274139095206, 0.8435178933153274]
0.6433961909872788 [0.611917623227549, 0.7241728561782579, 0.8156650911546253, 0.8860567184334909]
0.5996714285255133 [0.5730925050641459, 0.687879810938555, 0.7820729237002025, 0.8528021607022283]
0.6572737056156804 [0.6233963538149899, 0.7346387575962188, 0.8276502363268062, 0.8907832545577312]
0.658856617330679 [0.6355503038487509, 0.7405469277515192, 0.8283254557731262, 0.8966914247130318]
0.6550842910303298 [0.637069547602971, 0.74966239027684, 0.8291694800810263, 0.8912896691424713]
0.6556636790461909 [0.637407157326131, 0.7434166103983795, 0.8235989196488859, 0.8862255232950709]
0.684661597899854 [0.6709993247805537, 0.7721134368669818, 0.8484132343011479, 0.9044564483457124]
0.6976839277673699 [0.6566509115462525, 0.7680621201890614, 0.850101282916948, 0.9056380823767725]
0.677429103012726 [0.6600270087778528, 0.7660364618501013, 0.8445307224848075, 0.900236326806212]
0.6979499258095085 [0.6613774476704929, 0.7716070222822418, 0.8543214044564483, 0.9090141796083727]
0.7056227038887454 [0.6709993247805537, 0.7719446320054018, 0.8519581363943282, 0.9108710330857529]
0.7006335928501116 [0.6605334233625928, 0.7765023632680621, 0.8573598919648886, 0.9137407157326131]
0.6990800671812343 [0.6531060094530723, 0.7665428764348413, 0.8522957461174882, 0.9130654962862931]
0.7054711893181633 [0.6541188386225524, 0.7665428764348413, 0.8543214044564483, 0.9095205941931127]
0.6878118942356732 [0.6551316677920324, 0.7606347062795409, 0.8485820391627279, 0.9059756920999325]
0.6801011778135806 [0.6588453747467927, 0.7653612424037812, 0.849932478055368, 0.9088453747467927]
0.6675675711217945 [0.6208642808912896, 0.74966239027684, 0.8411546252532073, 0.9068197164078325]
0.7007185058597364 [0.6791019581363943, 0.7780216070222823, 0.8522957461174882, 0.9085077650236327]
0.7004299659211365 [0.6574949358541526, 0.7736326806212019, 0.8590479405806887, 0.9135719108710331]
0.7118119858882108 [0.6571573261309925, 0.7643484132343011, 0.8546590141796083, 0.9132343011478731]
0.7105661511729411 [0.6519243754220122, 0.762153950033761, 0.8544902093180283, 0.9147535449020932]
0.6963240450777567 [0.6397704253882511, 0.7614787305874409, 0.849426063470628, 0.9086765698852127]
0.6996395217713735 [0.6495611073598919, 0.7734638757596218, 0.8558406482106685, 0.912221471978393]
0.6902374696769117 [0.6532748143146523, 0.7662052667116813, 0.8490884537474679, 0.9061444969615124]
0.686621651811831 [0.6419648885887913, 0.7599594868332208, 0.8455435516542876, 0.9081701553004726]
0.6544223658898067 [0.6460162052667117, 0.7555705604321404, 0.8355840648210668, 0.8929777177582714]
0.7212798572094302 [0.6860229574611749, 0.7916948008102633, 0.863436866981769, 0.9167792032410533]
0.7051256229511955 [0.6703241053342336, 0.7844361917623227, 0.8605671843349089, 0.9162727886563133]
0.72258174820519 [0.6839972991222147, 0.787305874409183, 0.8641120864280891, 0.9203241053342336]
0.7045456229696623 [0.6642471303173532, 0.7778528021607022, 0.861748818365969, 0.9199864956110736]
0.7056343770875705 [0.6595205941931127, 0.7763335584064821, 0.8600607697501688, 0.9194800810263336]
0.7197492944640448 [0.6674544226873734, 0.7805536799459825, 0.8597231600270088, 0.9211681296421337]
0.7064317026521252 [0.6586765698852127, 0.7734638757596218, 0.8578663065496286, 0.9193112761647535]
0.7267099553621897 [0.6841661039837947, 0.7916948008102633, 0.8674881836596894, 0.9220121539500338]
0.7200288915288272 [0.662390276839973, 0.7810600945307224, 0.8622552329507089, 0.9208305199189737]
0.716228116801841 [0.6590141796083727, 0.7797096556380824, 0.8565158676569885, 0.9216745442268738]
0.7106821368799267 [0.6546252532072924, 0.7697501688048616, 0.8560094530722485, 0.9166103983794733]
0.7123495575725283 [0.6654287643484132, 0.7775151924375422, 0.8664753544902093, 0.9191424713031735]
0.7287448726840347 [0.6791019581363943, 0.7895003376097232, 0.8663065496286293, 0.9264010803511141]
0.7016725753401297 [0.6549628629304524, 0.7689061444969615, 0.8587103308575287, 0.9191424713031735]
0.7268650014141935 [0.6812964213369345, 0.7908507765023632, 0.8690074274139096, 0.925894665766374]
0.712598755708933 [0.6659351789331532, 0.7822417285617825, 0.8620864280891289, 0.9209993247805537]
0.7312577768631141 [0.6860229574611749, 0.7947332883187036, 0.8760972316002701, 0.9282579338284943]
0.7211066418713428 [0.6645847400405132, 0.7781904118838623, 0.861411208642809, 0.9203241053342336]
0.7237688470916842 [0.6657663740715732, 0.7792032410533424, 0.862424037812289, 0.924037812288994]
0.7344163325973656 [0.675894665766374, 0.7901755570560433, 0.8685010128291695, 0.925219446320054]
0.7174975363849331 [0.6775827143821742, 0.7896691424713032, 0.8656313301823092, 0.9194800810263336]
0.7060706302415019 [0.6628966914247131, 0.7832545577312626, 0.8658001350438893, 0.9155975692099932]
0.7177911086261677 [0.6661039837947332, 0.7808912896691425, 0.8658001350438893, 0.9215057393652937]
0.7148260718075137 [0.6659351789331532, 0.7817353139770425, 0.8656313301823092, 0.9208305199189737]
0.7168848772073715 [0.6655975692099932, 0.7822417285617825, 0.8659689399054693, 0.9215057393652937]
0.7132651291866595 [0.6634031060094531, 0.7773463875759622, 0.8658001350438893, 0.9203241053342336]
0.7178330457558398 [0.6644159351789332, 0.7839297771775827, 0.8676569885212694, 0.9218433490884538]
0.7120350025542607 [0.6655975692099932, 0.7829169480081026, 0.8656313301823092, 0.9220121539500338]
0.7128541044688054 [0.6534436191762323, 0.7700877785280216, 0.8600607697501688, 0.9179608372721134]
0.7249513056574689 [0.6662727886563133, 0.7800472653612424, 0.8671505739365294, 0.9228561782579339]
0.7331856657260492 [0.6890614449696151, 0.7984469952734639, 0.87474679270763, 0.9233625928426739]
0.7242006395581542 [0.6682984469952734, 0.7766711681296421, 0.861917623227549, 0.9216745442268738]
0.7283056800373667 [0.6829844699527347, 0.7856178257933828, 0.8668129642133694, 0.924375422012154]
0.7051294753193277 [0.6574949358541526, 0.7773463875759622, 0.861580013504389, 0.9191424713031735]
0.7211962779836767 [0.6672856178257934, 0.7835921674544227, 0.8656313301823092, 0.9203241053342336]
0.7218239214636819 [0.6667792032410533, 0.7851114112086428, 0.8644496961512491, 0.9220121539500338]
0.7273341337199652 [0.6652599594868333, 0.787643484132343, 0.8658001350438893, 0.9199864956110736]
0.728194226257727 [0.6711681296421337, 0.7857866306549629, 0.8693450371370696, 0.9230249831195139]
0.715301924370827 [0.6709993247805537, 0.7842673869007427, 0.862930452397029, 0.9233625928426739]
0.7012582890097053 [0.6574949358541526, 0.7707629979743417, 0.8578663065496286, 0.9162727886563133]


