0.5908170155300473_cub_1638622927.310748
{'mode': 'train', 'application': 'DML', 'output_paht': '.', 'models': {'encoder_params': {'pretrained_path': 'no', 'net_type': 'resnet18', 'neck': 0, 'last_stride': 0, 'red': 4, 'bn_inception': {'embed': 1, 'sz_embedding': 512}}, 'gnn_params': {'pretrained_path': 'no', 'red': 1, 'cat': 0, 'every': 0, 'gnn': {'num_layers': 1, 'aggregator': 'add', 'num_heads': 2, 'attention': 'dot', 'mlp': 1, 'dropout_mlp': 0.1, 'norm1': 1, 'norm2': 1, 'res1': 0, 'res2': 0, 'dropout_1': 0.1, 'dropout_2': 0.1, 'mult_attr': 0}, 'classifier': {'neck': 1, 'num_classes': 100, 'dropout_p': 0.4, 'use_batchnorm': 0}}}, 'graph_params': {'sim_type': 'correlation', 'thresh': 'no', 'set_negative': 'hard'}, 'dataset': {'dataset_path': '/storage/remote/atcremers51/w0013/intra_batch_data/CUB_200_2011', 'dataset_short': 'cub', 'num_classes': 100, 'number_aug': 2, 'magnitude': 27, 'trans': 'GL_orig_RE', 'sampling': 'no', 'bssampling': 'NumberSampler', 'val': 0, 'nb_workers': 4}, 'train_params': {'num_classes_iter': 6, 'num_elements_class': 9, 'lr': 0.0001563663718906821, 'weight_decay': 6.059722614369727e-06, 'num_epochs': 70, 'is_apex': 'from yaml', 'temperatur': 0.2, 'output_train_enc': 'plain', 'output_train_gnn': 'plain', 'loss_fn': {'fns': 'lsgnn_lsce', 'scaling_ce': 1, 'scaling_gnn': 1, 'scaling_distance': 0.01, 'scaling_center': 0.5, 'scaling_triplet': 1, 'scaling_of': 1, 'scaling_of_pre': 1, 'scaling_distill': 1, 'soft_temp': 1, 'feats': 'no', 'preds': 'no'}}, 'eval_params': {'cat': 0, 'output_test_enc': 'plain', 'output_test_gnn': 'plain'}}
0.40547862994354184 [0.2528696826468602, 0.362424037812289, 0.48936529372045917, 0.6218771100607697]
0.332194451142703 [0.1824780553679946, 0.27582714382174206, 0.38217420661715057, 0.5048953409858203]
0.3495296538146194 [0.21168129642133693, 0.3026671168129642, 0.41154625253207294, 0.5484469952734639]
0.4261242131439367 [0.299797434166104, 0.4198176907494936, 0.5413571910871033, 0.6709993247805537]
0.4338488650517307 [0.3077312626603646, 0.4225185685347738, 0.5469277515192438, 0.6735313977042539]
0.48355791858760866 [0.3887575962187711, 0.5060769750168805, 0.6348750844024308, 0.75050641458474]
0.5130079400037174 [0.42792032410533426, 0.5541863605671843, 0.6765698852126941, 0.787137069547603]
0.5129021799740515 [0.42521944632005404, 0.550810263335584, 0.6801147873058744, 0.7783592167454423]
0.5481970699493505 [0.46455097906819715, 0.5953747467927076, 0.7115124915597569, 0.8146522619851452]
0.5526870004609149 [0.46809588116137746, 0.5889601620526671, 0.712525320729237, 0.8156650911546253]
0.5521903411641946 [0.4736664415935179, 0.6006076975016881, 0.7062795408507765, 0.8109385550303849]
0.5662996959850431 [0.5027008777852802, 0.6237339635381499, 0.7418973666441594, 0.8344024307900068]
0.5576576895458517 [0.474848075624578, 0.5965563808237677, 0.7137069547602971, 0.8080688723835247]
0.571975349037043 [0.5087778528021607, 0.6233963538149899, 0.7449358541525996, 0.8404794058068873]
0.5815499122985213 [0.525658338960162, 0.6444969615124916, 0.7557393652937204, 0.8453747467927076]
0.5877893692443 [0.5286968264686023, 0.6470290344361918, 0.7638419986495611, 0.8511141120864281]
0.6003330918537252 [0.536968264686023, 0.6637407157326131, 0.7712694125590817, 0.8536461850101283]
0.5755638217210692 [0.5173869007427414, 0.6394328156650911, 0.7491559756920999, 0.8371033085752869]
0.5929770549734165 [0.5359554355165429, 0.6573261309925725, 0.7599594868332208, 0.8533085752869682]
0.598771751259417 [0.5486158001350439, 0.6747130317353139, 0.7714382174206618, 0.8583727211343687]
0.5877083041306351 [0.525151924375422, 0.6466914247130318, 0.762153950033761, 0.8463875759621877]
0.6092538679039665 [0.5452397029034436, 0.6709993247805537, 0.7813977042538826, 0.8666441593517893]
0.6067465928653731 [0.5579000675219447, 0.6814652261985145, 0.7881498987170831, 0.8666441593517893]
0.6136773310325707 [0.5573936529372046, 0.6794395678595544, 0.7889939230249832, 0.8663065496286293]
0.6088513459561938 [0.5579000675219447, 0.6855165428764348, 0.786968264686023, 0.8669817690749494]
0.6239367161112553 [0.5643146522619852, 0.6860229574611749, 0.7927076299797434, 0.8717083051991897]
0.5889945803161288 [0.5359554355165429, 0.6571573261309925, 0.7589466576637407, 0.849257258609048]
0.6190030759422681 [0.5681971640783254, 0.6841661039837947, 0.7920324105334233, 0.8701890614449697]
0.6046195058561373 [0.5673531397704253, 0.6899054692775152, 0.7910195813639432, 0.8673193787981094]
0.6143023794570227 [0.5592505064145847, 0.6888926401080351, 0.7903443619176233, 0.8656313301823092]
0.6108738984438521 [0.5660027008777853, 0.6865293720459149, 0.7952397029034436, 0.8691762322754896]
0.6192753434997073 [0.575962187711006, 0.6944632005401755, 0.7947332883187036, 0.8740715732613099]
0.6243570319560745 [0.5712356515867657, 0.6932815665091154, 0.7964213369345037, 0.8744091829844699]
0.6283601556753172 [0.5837272113436867, 0.6956448345712356, 0.7930452397029034, 0.8735651586765699]
0.6234164810692611 [0.5778190411883862, 0.6978392977717758, 0.7987846049966238, 0.8771100607697502]
0.6230184711527756 [0.5771438217420661, 0.6958136394328157, 0.7970965563808238, 0.87474679270763]
0.6294517108757355 [0.5778190411883862, 0.7002025658338961, 0.800810263335584, 0.87525320729237]
0.6247928231304052 [0.5729237002025659, 0.699358541525996, 0.800641458474004, 0.8757596218771101]
0.6257982240963206 [0.5732613099257259, 0.7037474679270763, 0.8014854827819041, 0.8760972316002701]
0.6278798401831804 [0.574611748818366, 0.7022282241728561, 0.8063808237677245, 0.8786293045239703]
0.6194967744816056 [0.575624577987846, 0.7025658338960162, 0.8035111411208643, 0.8717083051991897]
0.6262536623891717 [0.5838960162052668, 0.7113436866981769, 0.8040175557056043, 0.8760972316002701]
0.6338821903855152 [0.5752869682646861, 0.7027346387575962, 0.8058744091829845, 0.8803173531397704]
0.6261107077441915 [0.575624577987846, 0.7054355165428764, 0.8028359216745442, 0.8755908170155301]
0.6252970304408798 [0.5737677245104659, 0.7039162727886563, 0.800641458474004, 0.8814989871708305]
0.6230126352747127 [0.5751181634031061, 0.699527346387576, 0.7981093855503039, 0.8793045239702904]
0.6245003954105427 [0.5646522619851452, 0.699864956110736, 0.800135043889264, 0.8814989871708305]
0.6257884045611487 [0.5702228224172856, 0.6978392977717758, 0.799966239027684, 0.8798109385550303]
0.6248673872670493 [0.5670155300472653, 0.700708980418636, 0.8021607022282242, 0.8808237677245104]
0.6314320263015882 [0.5783254557731262, 0.6981769074949359, 0.8043551654287644, 0.8776164753544902]
0.6226751904515267 [0.5766374071573261, 0.7029034436191762, 0.8021607022282242, 0.8720459149223497]
0.6272767598575678 [0.5710668467251857, 0.7049291019581364, 0.8030047265361242, 0.8774476704929102]
0.6288329635487444 [0.5835584064821067, 0.7027346387575962, 0.7997974341661039, 0.8755908170155301]
0.630942288366334 [0.5695476029709655, 0.7042538825118163, 0.800641458474004, 0.8769412559081702]
0.624558966874209 [0.5790006752194463, 0.7040850776502363, 0.8072248480756246, 0.8799797434166104]
0.6279534353643003 [0.5811951384199865, 0.7079675894665767, 0.8057056043214045, 0.8781228899392303]
0.626566444488008 [0.5692099932478055, 0.7056043214044565, 0.8097569209993247, 0.8798109385550303]
0.6266935105222549 [0.5724172856178258, 0.7067859554355166, 0.8043551654287644, 0.8825118163403106]
0.6315639801112678 [0.5730925050641459, 0.7025658338960162, 0.799291019581364, 0.8742403781228899]
0.6236488247613553 [0.5703916272788656, 0.7034098582039163, 0.8016542876434841, 0.8816677920324105]
0.6281393952542236 [0.5768062120189061, 0.7020594193112761, 0.7996286293045239, 0.8811613774476705]
0.6290270393380245 [0.5771438217420661, 0.7012153950033762, 0.8024983119513842, 0.8796421336934503]
0.6227762557938453 [0.5776502363268062, 0.7034098582039163, 0.8033423362592843, 0.8781228899392303]
0.6286913649739383 [0.574105334233626, 0.7012153950033762, 0.8057056043214045, 0.8816677920324105]
0.6285797758587097 [0.5908170155300473, 0.7071235651586766, 0.8011478730587441, 0.8789669142471304]
0.6280304506079433 [0.574105334233626, 0.6986833220796759, 0.7986158001350439, 0.8803173531397704]
0.6182566070949641 [0.576130992572586, 0.6973328831870358, 0.8033423362592843, 0.8821742066171506]
0.6274789630109545 [0.5710668467251857, 0.6966576637407157, 0.7986158001350439, 0.8823430114787306]
0.6253610848587938 [0.5732613099257259, 0.7022282241728561, 0.8043551654287644, 0.8825118163403106]
0.6227910051689345 [0.5735989196488859, 0.6966576637407157, 0.8045239702903444, 0.8809925725860904]


