0.8734473004550486_cars_1638740009.6096628
{'mode': 'train', 'application': 'DML', 'output_paht': '.', 'models': {'encoder_params': {'pretrained_path': 'no', 'net_type': 'resnet50', 'neck': 0, 'last_stride': 0, 'red': 4, 'bn_inception': {'embed': 1, 'sz_embedding': 512}}, 'gnn_params': {'pretrained_path': 'no', 'red': 1, 'cat': 1, 'every': 0, 'gnn': {'num_layers': 2, 'aggregator': 'add', 'num_heads': 8, 'attention': 'dot', 'mlp': 1, 'dropout_mlp': 0.1, 'norm1': 1, 'norm2': 1, 'res1': 1, 'res2': 1, 'dropout_1': 0.1, 'dropout_2': 0.1, 'mult_attr': 0}, 'classifier': {'neck': 1, 'num_classes': 98, 'dropout_p': 0.4, 'use_batchnorm': 0}}}, 'graph_params': {'sim_type': 'correlation', 'thresh': 'no', 'set_negative': 'hard'}, 'dataset': {'dataset_path': '/gdrive/Othercomputers/My MacBook Pro (1)/data/CARS', 'dataset_short': 'cars', 'num_classes': 98, 'trans': 'GL_orig_RE', 'number_aug': 2, 'magnitude': 27, 'sampling': 'no', 'bssampling': 'no', 'val': 0, 'nb_workers': 4}, 'train_params': {'num_classes_iter': 10, 'num_elements_class': 7, 'lr': 0.00036683239911604993, 'weight_decay': 2.551918610962277e-09, 'num_epochs': 70, 'is_apex': '1', 'temperatur': 0.1111111111111, 'output_train_enc': 'plain', 'output_train_gnn': 'plain', 'loss_fn': {'fns': 'lsce_lsgnn', 'scaling_ce': 1, 'scaling_gnn': 1, 'scaling_distance': 0.01, 'scaling_center': 0.5, 'scaling_triplet': 1, 'scaling_of': 1, 'scaling_of_pre': 1, 'scaling_distill': 1, 'soft_temp': 10, 'preds': 'no', 'feats': 'no'}}, 'eval_params': {'output_test_enc': 'plain', 'output_test_gnn': 'plain', 'cat': 0}}
0.3173039731393787 [0.3191489361702128, 0.4204894846882302, 0.5317919075144508, 0.6530562046488747]
0.40752094768577296 [0.4776780223834707, 0.59758947238962, 0.6992989792153487, 0.7884639035788956]
0.4811330187889476 [0.6317796089041938, 0.7325052269093593, 0.8166277210675194, 0.8775058418398721]
0.5431030024610841 [0.7166400196777765, 0.8107243881441397, 0.87689091132702, 0.9221497970729308]
0.5784148037190772 [0.7487393924486533, 0.8350756364530808, 0.894600910097159, 0.936047226663387]
0.596957784209178 [0.7671873078342147, 0.8460213995818473, 0.9037018816873693, 0.9349403517402534]
0.6272621950329588 [0.8061739023490345, 0.8729553560447669, 0.9205509777395154, 0.9500676423564137]
0.6337146782424911 [0.8034682080924855, 0.8701266756856475, 0.9136637559955725, 0.9388759070225065]
0.6611939990241595 [0.8190874431189276, 0.8878366744557865, 0.9318656991759932, 0.9608904193826098]
0.6579820121066042 [0.824006887221744, 0.8921411880457508, 0.9328495879965564, 0.9596605583569057]
0.6594217261801643 [0.8264666092731522, 0.8942319517894478, 0.9345713934325421, 0.9610134054851802]
0.6710781794947234 [0.8406100110687492, 0.9030869511745173, 0.9392448653302177, 0.9649489607674333]
0.6838421717831613 [0.8360595252736441, 0.9009961874308203, 0.9392448653302177, 0.9650719468700036]
0.6660226941264746 [0.8149059156315336, 0.889189521584061, 0.9302668798425778, 0.956462919690075]
0.6719693634763468 [0.8331078588119543, 0.8989054236871233, 0.940843684663633, 0.9663018078957077]
0.6628831497135739 [0.8210552207600541, 0.8872217439429344, 0.9308818103554298, 0.9608904193826098]
0.6547841627889827 [0.8230229984011806, 0.8896814659943426, 0.9298979215348666, 0.9584306973312016]
0.6701994222348916 [0.8269585536834337, 0.8960767433280039, 0.9364161849710982, 0.9640880580494404]
0.669495375516381 [0.8377813307096298, 0.9025950067642357, 0.9392448653302177, 0.9629811831263068]
0.6689180173245725 [0.835444594760792, 0.8980445209691305, 0.9394908375353586, 0.9640880580494404]
0.6860663204926899 [0.8527856352232198, 0.9103431312261715, 0.9458861148690199, 0.9707293075882425]
0.6808880554849088 [0.8452834829664247, 0.9053007010207846, 0.9397368097404993, 0.9648259746648629]
0.6594917852061312 [0.812323207477555, 0.8835321608658222, 0.9259623662526134, 0.9562169474849342]
0.5958982779406946 [0.7583323084491452, 0.8322469560939614, 0.8906653548149059, 0.9248554913294798]
0.6653073650032045 [0.808387652195302, 0.8787357028655762, 0.923133685893494, 0.9530193088181036]
0.6817185502686338 [0.830648136760546, 0.9005042430205387, 0.9418275734841963, 0.9680236133316935]
0.6361576400607232 [0.7949821670151273, 0.8698807034805067, 0.9163694502521215, 0.9469929897921535]
0.6395118737960493 [0.7905546673225925, 0.866068134300824, 0.92190382486779, 0.9515434755872586]
0.6763725473410166 [0.8185954987086459, 0.8899274381994835, 0.9317427130734227, 0.9602754888697577]
0.665510237754497 [0.8322469560939614, 0.8989054236871233, 0.9409666707662034, 0.9669167384085599]
0.7009500756816383 [0.8557373016849096, 0.9132947976878613, 0.9505595867666954, 0.9738039601525028]
0.693396843076633 [0.8525396630180789, 0.9145246587135654, 0.9524043783052515, 0.9733120157422211]
0.7001800116701321 [0.8574591071208953, 0.9160004919444102, 0.9525273644078219, 0.9755257655884885]
0.71752670864316 [0.8611486901980077, 0.9175993112778256, 0.9530193088181036, 0.9758947238961997]
0.7103063353861183 [0.8610257040954372, 0.9196900750215226, 0.9547411142540893, 0.9767556266141926]
0.701685663483781 [0.8481121633255442, 0.9131718115852908, 0.9511745172795474, 0.9742959045627844]
0.7073476121602071 [0.8581970237363178, 0.9173533390726848, 0.9532652810232444, 0.9763866683064814]
0.7068203467946788 [0.857951051531177, 0.9163694502521215, 0.9528963227155332, 0.9754027794859181]
0.703462387469674 [0.8575820932234658, 0.9199360472266633, 0.954372155946378, 0.9763866683064814]
0.7054503579028899 [0.8617636207108597, 0.9193211167138113, 0.9521584061001107, 0.9762636822039109]
0.7045632047968882 [0.8591809125568811, 0.917107366867544, 0.9514204894846883, 0.974787848973066]
0.7048199696250261 [0.8623785512237118, 0.9189521584061001, 0.9531422949206739, 0.9746648628704956]
0.7162321691315118 [0.8653302176854015, 0.9221497970729308, 0.956462919690075, 0.976878612716763]
0.7337365808629768 [0.8728323699421965, 0.9255934079449022, 0.9560939613823638, 0.9790923625630303]
0.7219795329897746 [0.8674209814290985, 0.9227647275857828, 0.9549870864592301, 0.9761406961013406]
0.7111738430710857 [0.8621325790185709, 0.9210429221497971, 0.9549870864592301, 0.9755257655884885]
0.7063731875027425 [0.8671750092239577, 0.9227647275857828, 0.9544951420489485, 0.9758947238961997]
0.7195993935459146 [0.8684048702496618, 0.9243635469191981, 0.9538802115360964, 0.9772475710244742]
0.7257368292764798 [0.868158898044521, 0.923133685893494, 0.9556020169720821, 0.9761406961013406]
0.7140552628096405 [0.8677899397368097, 0.9239945886114869, 0.9574468085106383, 0.9797072930758824]
0.7122556450218538 [0.8618866068134301, 0.9207969499446562, 0.9568318779977862, 0.9758947238961997]
0.7063179615434296 [0.8621325790185709, 0.9220268109703603, 0.9559709752797934, 0.9765096544090518]
0.7284997224874344 [0.8684048702496618, 0.9241175747140573, 0.9581847251260608, 0.9787234042553191]
0.7179609214088437 [0.8638543844545566, 0.9209199360472267, 0.9557250030746526, 0.9771245849219038]
0.710777054842027 [0.8595498708645923, 0.9226417414832124, 0.9560939613823638, 0.976878612716763]
0.7066282963436513 [0.8625015373262821, 0.9215348665600787, 0.9559709752797934, 0.9763866683064814]
0.7071816645071718 [0.8645923010699791, 0.9203050055343747, 0.9569548641003567, 0.9755257655884885]
0.724005231354459 [0.8696347312753658, 0.9263313245603246, 0.9596605583569057, 0.9801992374861641]
0.7121992818657479 [0.857951051531177, 0.9160004919444102, 0.9503136145615545, 0.9708522936908129]
0.7179168850331908 [0.8734473004550486, 0.92793014389374, 0.9602754888697577, 0.9772475710244742]
0.7054986537954692 [0.8610257040954372, 0.9199360472266633, 0.9540031976386668, 0.9739269462550731]
0.7214998355638396 [0.8668060509162465, 0.9271922272783175, 0.9597835444594761, 0.9766326405116222]
0.7210068985254597 [0.8663141065059649, 0.923133685893494, 0.9554790308695117, 0.9772475710244742]
0.7265134891638454 [0.8713565367113516, 0.9287910466117328, 0.9621202804083139, 0.9820440290247202]
0.7234310393775999 [0.8659451481982536, 0.9239945886114869, 0.9568318779977862, 0.9763866683064814]
0.7215617888764823 [0.8677899397368097, 0.9253474357397614, 0.9586766695363423, 0.9781084737424671]
0.7210992025975254 [0.8690198007625138, 0.9233796580986349, 0.9586766695363423, 0.976878612716763]
0.7328016277964577 [0.8626245234288525, 0.9209199360472267, 0.9568318779977862, 0.9762636822039109]
0.7278327432041986 [0.8696347312753658, 0.9260853523551839, 0.9601525027671873, 0.9778625015373262]
0.7204791337210016 [0.8730783421473374, 0.92793014389374, 0.9600295166646169, 0.9784774320501783]


