0.5542729152308753_cars_1638634206.834773
{'mode': 'train', 'application': 'DML', 'output_paht': '.', 'models': {'encoder_params': {'pretrained_path': 'no', 'net_type': 'resnet18', 'neck': 0, 'last_stride': 0, 'red': 4, 'bn_inception': {'embed': 1, 'sz_embedding': 512}}, 'gnn_params': {'pretrained_path': 'no', 'red': 1, 'cat': 1, 'every': 0, 'gnn': {'num_layers': 2, 'aggregator': 'add', 'num_heads': 8, 'attention': 'dot', 'mlp': 1, 'dropout_mlp': 0.1, 'norm1': 1, 'norm2': 1, 'res1': 0, 'res2': 0, 'dropout_1': 0.1, 'dropout_2': 0.1, 'mult_attr': 0}, 'classifier': {'neck': 1, 'num_classes': 98, 'dropout_p': 0.4, 'use_batchnorm': 0}}}, 'graph_params': {'sim_type': 'correlation', 'thresh': 'no', 'set_negative': 'hard'}, 'dataset': {'dataset_path': '/storage/remote/atcremers51/w0013/intra_batch_data/CUB_200_2011', 'dataset_short': 'cars', 'num_classes': 98, 'trans': 'GL_orig_RE', 'number_aug': 2, 'magnitude': 27, 'sampling': 'no', 'bssampling': 'no', 'val': 0, 'nb_workers': 4}, 'train_params': {'num_classes_iter': 10, 'num_elements_class': 7, 'lr': 0.00036683239911604993, 'weight_decay': 2.551918610962277e-09, 'num_epochs': 70, 'is_apex': 'from yaml', 'temperatur': 0.1111111111111, 'output_train_enc': 'plain', 'output_train_gnn': 'plain', 'loss_fn': {'fns': 'lsce_lsgnn', 'scaling_ce': 1, 'scaling_gnn': 1, 'scaling_distance': 0.01, 'scaling_center': 0.5, 'scaling_triplet': 1, 'scaling_of': 1, 'scaling_of_pre': 1, 'scaling_distill': 1, 'soft_temp': 10, 'preds': 'no', 'feats': 'no'}}, 'eval_params': {'output_test_enc': 'plain', 'output_test_gnn': 'plain', 'cat': 0}}
0.3363506149072355 [0.18935217091660925, 0.2744658855961406, 0.3821502412129566, 0.5118883528600965]
0.33159695074791207 [0.17057201929703653, 0.25396278428669883, 0.35286009648518263, 0.48001378359751895]
0.3507294625103583 [0.1883184011026878, 0.27980702963473464, 0.39093728463128874, 0.5184355616815989]
0.4008194739322862 [0.2498277050310131, 0.35992419021364574, 0.48001378359751895, 0.600275671950379]
0.41285635712919333 [0.28911095796002756, 0.3973121984838043, 0.5187801516195727, 0.6443831840110269]
0.44534881407496835 [0.3277050310130944, 0.4446933149552033, 0.569262577532736, 0.6872846312887664]
0.4560301441494552 [0.3471743625086148, 0.4633011716057891, 0.585802894555479, 0.70434183321847]
0.4879085136177434 [0.38456237077877325, 0.4982770503101309, 0.6266368022053757, 0.7413852515506547]
0.5038426932520039 [0.41936595451412817, 0.5404893177119228, 0.660578911095796, 0.7689524465885597]
0.5000259471864208 [0.4169538249483115, 0.5339421088904204, 0.6557546519641626, 0.7711922811853894]
0.5351290711987091 [0.44693314955203306, 0.573053066850448, 0.6900413507925569, 0.7953135768435562]
0.538606550395371 [0.4569262577532736, 0.5811509303928325, 0.695210199862164, 0.7991040661612681]
0.5505372976834771 [0.46795313576843556, 0.5976912474155754, 0.7026188835286009, 0.8085802894555479]
0.5604875943766314 [0.47450034458993795, 0.5937284631288766, 0.7181254307374225, 0.8187456926257753]
0.5673231029666539 [0.47966919365954513, 0.5990696071674707, 0.7184700206753962, 0.8196071674707098]
0.5585392185151826 [0.4751895244658856, 0.607684355616816, 0.7234665747760165, 0.8202963473466575]
0.5782814953776972 [0.49879393521709164, 0.6252584424534804, 0.735354927636113, 0.8240868366643694]
0.5716599367475717 [0.4982770503101309, 0.6183666436940042, 0.7343211578221915, 0.8259820813232254]
0.5704987592493583 [0.4912129565816678, 0.6161268090971743, 0.7276016540317023, 0.8233976567884218]
0.5821494160493351 [0.5058580289455548, 0.6343900758097863, 0.7481047553411441, 0.8354583046175051]
0.5810299666948227 [0.5080978635423845, 0.638869745003446, 0.7486216402481047, 0.8382150241212957]
0.5794060030077235 [0.5194693314955203, 0.6435217091660923, 0.7481047553411441, 0.8383873190902825]
0.5914449993423687 [0.5299793246037215, 0.6486905582356995, 0.7584424534803583, 0.8488973121984839]
0.5809491074782814 [0.509131633356306, 0.6288766368022054, 0.7487939352170917, 0.8366643694004136]
0.5857259888684525 [0.521881461061337, 0.6454169538249483, 0.7556857339765679, 0.8351137146795313]
0.5913453234493579 [0.5232598208132323, 0.6455892487939352, 0.7630944176430048, 0.8459682977257064]
0.5858596204471958 [0.5230875258442453, 0.6585113714679531, 0.7667126119917298, 0.846829772570641]
0.6047494882755805 [0.5416953824948312, 0.6652308752584425, 0.773776705720193, 0.8580289455547898]
0.590804615760096 [0.521881461061337, 0.6440385940730531, 0.7567195037904894, 0.846829772570641]
0.6009087523165337 [0.5341144038594073, 0.6598897312198484, 0.7689524465885597, 0.8578566505858028]
0.6152240370757547 [0.5434183321847003, 0.6647139903514817, 0.7801516195727085, 0.861302549965541]
0.6035563074058344 [0.5380771881461062, 0.6595451412818746, 0.769986216402481, 0.8599241902136457]
0.6055988974351046 [0.5435906271536871, 0.660578911095796, 0.777394900068918, 0.8631977946243969]
0.6077266986796899 [0.543762922122674, 0.664197105444521, 0.7770503101309442, 0.8599241902136457]
0.6098052553543873 [0.5415230875258442, 0.6623018607856651, 0.7727429359062715, 0.8606133700895934]
0.6059688930181683 [0.5413507925568574, 0.6650585802894555, 0.7749827705031013, 0.8569951757408684]
0.6045730484088305 [0.5434183321847003, 0.673328738800827, 0.7749827705031013, 0.8606133700895934]
0.6097500853599593 [0.5463473466574776, 0.6672984148862853, 0.775499655410062, 0.8618194348725017]
0.6092402896470207 [0.5453135768435562, 0.6664369400413508, 0.7784286698828394, 0.8588904203997243]
0.6081413885126226 [0.5516884906960716, 0.6717780840799449, 0.777394900068918, 0.8623363197794625]
0.611325846015803 [0.5542729152308753, 0.6731564438318401, 0.7761888352860097, 0.8614748449345279]
0.6092297053620225 [0.5453135768435562, 0.673501033769814, 0.7779117849758787, 0.8588904203997243]
0.6151633228326425 [0.5434183321847003, 0.6643694004135079, 0.7749827705031013, 0.8606133700895934]
0.613360928324082 [0.5468642315644383, 0.6683321847002067, 0.7787732598208132, 0.8637146795313577]
0.6059408057541846 [0.5430737422467264, 0.6631633356305996, 0.7749827705031013, 0.8606133700895934]
0.6062519989087776 [0.5416953824948312, 0.6635079255685734, 0.7765334252239835, 0.861130254996554]
0.6119198550770044 [0.5449689869055824, 0.6681598897312199, 0.7744658855961406, 0.8600964851826327]
0.6131546284887524 [0.5472088215024121, 0.6643694004135079, 0.7768780151619573, 0.8642315644383184]
0.6133061440565188 [0.5539283252929015, 0.6736733287388008, 0.7770503101309442, 0.8647484493452792]
0.6073771591823938 [0.5501378359751895, 0.6707443142660234, 0.7761888352860097, 0.8609579600275672]
0.610213048962006 [0.5465196416264645, 0.6676430048242591, 0.7729152308752585, 0.8588904203997243]
0.610534005318197 [0.5410062026188835, 0.6659200551343901, 0.7746381805651275, 0.8559614059269469]
0.6075107521565376 [0.5446243969676086, 0.6635079255685734, 0.7753273604410751, 0.8573397656788422]
0.6110848355707484 [0.5434183321847003, 0.6674707098552722, 0.7749827705031013, 0.8592350103376981]
0.6081850920328602 [0.5387663680220538, 0.6638525155065472, 0.7739490006891798, 0.861130254996554]
0.6016977947103761 [0.5411784975878704, 0.6629910406616126, 0.7739490006891798, 0.8609579600275672]
0.6028700033399573 [0.5422122674017918, 0.6623018607856651, 0.775499655410062, 0.8583735354927636]
0.6103177372655396 [0.545485871812543, 0.6635079255685734, 0.777567195037905, 0.8628532046864231]
0.6090267238156752 [0.5398001378359751, 0.6695382494831151, 0.7760165403170227, 0.8595796002756719]
0.6078861856927447 [0.5441075120606478, 0.6712611991729841, 0.7803239145416954, 0.8583735354927636]
0.6025865648630189 [0.5370434183321847, 0.6679875947622329, 0.7829083390764989, 0.8635423845623708]
0.6084054490585994 [0.5379048931771192, 0.6695382494831151, 0.777394900068918, 0.861302549965541]
0.6012834655613923 [0.5403170227429359, 0.6610957960027567, 0.7732598208132323, 0.8592350103376981]
0.6084576565300547 [0.5406616126809097, 0.6672984148862853, 0.7844589937973812, 0.8638869745003446]
0.6128422741972005 [0.5444521019986216, 0.6672984148862853, 0.7791178497587871, 0.8595796002756719]
0.6106931335919573 [0.5408339076498966, 0.6671261199172984, 0.7779117849758787, 0.8625086147484493]
0.6037798354955098 [0.5475534114403859, 0.6714334941419711, 0.777394900068918, 0.8557891109579601]
0.6135712777325563 [0.5451412818745692, 0.6654031702274293, 0.7768780151619573, 0.861130254996554]
0.6079501616291612 [0.5413507925568574, 0.6659200551343901, 0.769986216402481, 0.857512060647829]
0.6063164321042586 [0.540144727773949, 0.6657477601654032, 0.7768780151619573, 0.8564782908339077]


