0.8066658467593162_cars_1638300597.8878717
{'mode': 'train', 'application': 'DML', 'output_paht': '.', 'models': {'encoder_params': {'pretrained_path': 'no', 'net_type': 'resnet18', 'neck': 0, 'last_stride': 0, 'red': 4, 'bn_inception': {'embed': 1, 'sz_embedding': 512}}, 'gnn_params': {'pretrained_path': 'no', 'red': 1, 'cat': 1, 'every': 0, 'gnn': {'num_layers': 2, 'aggregator': 'add', 'num_heads': 8, 'attention': 'dot', 'mlp': 1, 'dropout_mlp': 0.1, 'norm1': 1, 'norm2': 1, 'res1': 1, 'res2': 1, 'dropout_1': 0.1, 'dropout_2': 0.1, 'mult_attr': 0}, 'classifier': {'neck': 1, 'num_classes': 98, 'dropout_p': 0.4, 'use_batchnorm': 0}}}, 'graph_params': {'sim_type': 'correlation', 'thresh': 'no', 'set_negative': 'hard'}, 'dataset': {'dataset_path': '/storage/remote/atcremers62/w0013/CARS', 'dataset_short': 'cars', 'num_classes': 98, 'trans': 'GL_orig_RE', 'number_aug': 2, 'magnitude': 27, 'sampling': 'no', 'bssampling': 'no', 'val': 0, 'nb_workers': 4}, 'train_params': {'num_classes_iter': 10, 'num_elements_class': 7, 'lr': 0.00036683239911604993, 'weight_decay': 2.551918610962277e-09, 'num_epochs': 70, 'is_apex': 'from yaml', 'temperatur': 0.1111111111111, 'output_train_enc': 'plain', 'output_train_gnn': 'plain', 'loss_fn': {'fns': 'lsce_lsgnn', 'scaling_ce': 1, 'scaling_gnn': 1, 'scaling_distance': 0.01, 'scaling_center': 0.5, 'scaling_triplet': 1, 'scaling_of': 1, 'scaling_of_pre': 1, 'scaling_distill': 1, 'soft_temp': 10, 'preds': 'no', 'feats': 'no'}}, 'eval_params': {'output_test_enc': 'plain', 'output_test_gnn': 'plain', 'cat': 0}}
0.260634516014031 [0.21165908252367482, 0.2939367851432788, 0.3906038617636207, 0.5112532283851925]
0.2774077690543422 [0.2436354691919813, 0.3286188660681343, 0.42713073422703235, 0.5448284343869143]
0.3190200003173823 [0.2965194932972574, 0.3955233058664371, 0.511130242282622, 0.6289509285450744]
0.32241036656379957 [0.34104046242774566, 0.4484073299717132, 0.5610625999262083, 0.66965932849588]
0.37961260368329147 [0.43143524781699666, 0.5515926700282868, 0.6628950928545074, 0.7628827942442504]
0.39481931923378544 [0.4754642725372033, 0.5948837781330709, 0.6975771737793629, 0.7890788340917476]
0.4208683807667966 [0.5215840610011069, 0.6366990530070102, 0.7419751568072808, 0.8165047349649489]
0.4622191928135324 [0.5785266264912065, 0.6892141188045751, 0.7821916123478047, 0.8569671627106137]
0.4956079551050411 [0.6310416922887714, 0.7323822408067888, 0.8182265404009347, 0.881687369327266]
0.4702067153145295 [0.5905792645431066, 0.6951174517279547, 0.7801008486041078, 0.8535235518386423]
0.5224544419217062 [0.6733489115729923, 0.7680482105522076, 0.8442995941458615, 0.9006272291231091]
0.540298138763187 [0.7013897429590457, 0.7962120280408314, 0.8659451481982536, 0.9175993112778256]
0.5373662466618706 [0.6997909236256303, 0.7911695978354446, 0.8589349403517402, 0.908990284097897]
0.556771223164322 [0.7199606444471774, 0.8122002213749846, 0.8804575083015619, 0.9259623662526134]
0.562003217336374 [0.740253351371295, 0.826712581478293, 0.8818103554298364, 0.9253474357397614]
0.5456986136391027 [0.7101217562415447, 0.8017464026564998, 0.8663141065059649, 0.915016603123847]
0.577597283741586 [0.7575943918337228, 0.840241052761038, 0.8985364653794121, 0.940843684663633]
0.5744914705740651 [0.742344115114992, 0.8274504980937154, 0.8863608412249416, 0.9236256303037756]
0.5738160381444327 [0.7509531422949207, 0.830033206247694, 0.8893125076866314, 0.9263313245603246]
0.5970324036654341 [0.7673102939367852, 0.8503259131718116, 0.9083753535850448, 0.9433034067150412]
0.5821548046234896 [0.7603000860902718, 0.8470052884024105, 0.8981675070717009, 0.9348173656376829]
0.584518366455119 [0.7662034190136514, 0.851063829787234, 0.9046857705079326, 0.9366621571762391]
0.6118193801074954 [0.7841593899889312, 0.8615176485057189, 0.9140327143032837, 0.9494527118435617]
0.601168660691374 [0.7750584183987209, 0.8542614684540647, 0.9049317427130734, 0.940228754150781]
0.583331553493462 [0.7523059894231952, 0.8383962612224819, 0.8912802853277579, 0.9305128520477186]
0.5829955932014854 [0.753166892141188, 0.8467593161972697, 0.9059156315336367, 0.9405977124584922]
0.5861571235183188 [0.7603000860902718, 0.8457754273767064, 0.9027179928668061, 0.9403517402533513]
0.586248938970404 [0.752551961628336, 0.8412249415816013, 0.8977985487639897, 0.93395646291969]
0.5914823598621355 [0.7772721682449883, 0.8594268847620219, 0.9104661173287418, 0.945640142663879]
0.542191155673805 [0.7193457139343254, 0.8039601525027672, 0.8628704956339933, 0.904808756610503]
0.6193707658094952 [0.7834214733735088, 0.8618866068134301, 0.9120649366621572, 0.9442872955356045]
0.6008123686975646 [0.7848973066043538, 0.8649612593776903, 0.9105891034313123, 0.9417045873816259]
0.6134308069450977 [0.7876030008609027, 0.8636084122494159, 0.9105891034313123, 0.9412126429713442]
0.6232346043702138 [0.788586889681466, 0.8706186200959292, 0.917107366867544, 0.9466240314844423]
0.6106943974935599 [0.7900627229123109, 0.8685278563522322, 0.912310908867298, 0.9418275734841963]
0.595311287632811 [0.7876030008609027, 0.8666830648136761, 0.9073914647644816, 0.9418275734841963]
0.6105648071502615 [0.7894477923994588, 0.8623785512237118, 0.9093592424056082, 0.940843684663633]
0.6053682032764534 [0.7869880703480506, 0.8664370926085352, 0.9107120895338827, 0.9446562538433158]
0.6101778356625027 [0.7896937646045997, 0.8666830648136761, 0.9158775058418399, 0.9478538925101464]
0.6141401178768855 [0.7901857090148813, 0.8671750092239577, 0.9114500061493052, 0.9419505595867667]
0.6118989925326644 [0.7975648751691059, 0.8702496617882179, 0.915016603123847, 0.9434263928176116]
0.6175187461407314 [0.7920305005534375, 0.8658221620956832, 0.9134177837904317, 0.943549378920182]
0.6091747448184778 [0.7921534866560078, 0.8658221620956832, 0.9148936170212766, 0.943549378920182]
0.6211340979665957 [0.7979338334768171, 0.871479522813922, 0.9193211167138113, 0.9469929897921535]
0.6028432237732938 [0.7878489730660435, 0.8637313983519862, 0.9075144508670521, 0.940228754150781]
0.6138293800389756 [0.7991636945025212, 0.8763989669167384, 0.9216578526626491, 0.9506825728692657]
0.6116885842206808 [0.7981798056819579, 0.8713565367113516, 0.9180912556881072, 0.9493297257409913]
0.614025407628907 [0.7995326528102324, 0.8748001475833231, 0.9195670889189521, 0.9501906284589842]
0.6131998370635253 [0.7992866806050917, 0.8760300086090271, 0.9200590333292338, 0.9504366006641249]
0.6128948047815113 [0.7953511253228385, 0.8701266756856475, 0.9152625753289878, 0.9451481982535973]
0.6165310996136205 [0.7984257778870988, 0.8732013282499078, 0.9169843807649736, 0.949821670151273]
0.6053000656136949 [0.7948591809125569, 0.8687738285573731, 0.9151395892264174, 0.945640142663879]
0.6075572382477624 [0.7985487639896691, 0.8722174394293445, 0.9201820194318042, 0.9493297257409913]
0.6140957033962356 [0.8066658467593162, 0.8772598696347312, 0.9216578526626491, 0.9517894477923995]
0.6134017762152787 [0.8010084860410773, 0.874185217070471, 0.9175993112778256, 0.9495756979461321]
0.6005289726799 [0.794613208707416, 0.8716025089164925, 0.9173533390726848, 0.9455171565613085]
0.5986086641352266 [0.7959660558356906, 0.8701266756856475, 0.9168613946624031, 0.9457631287664494]
0.6175898121122738 [0.8011314721436478, 0.8772598696347312, 0.9191981306112409, 0.9466240314844423]
0.6179566234903198 [0.8001475833230844, 0.8724634116344853, 0.9184602139958185, 0.9488377813307096]
0.6104763759741213 [0.7975648751691059, 0.8723404255319149, 0.9182142417906777, 0.945640142663879]
0.6137909594272467 [0.7969499446562538, 0.8702496617882179, 0.918337227893248, 0.9436723650227524]
0.6111828353767416 [0.8016234165539294, 0.8736932726601894, 0.920427991636945, 0.9474849342024351]
0.6107050246172333 [0.7989177222973805, 0.8733243143524781, 0.9182142417906777, 0.9492067396384208]
0.6076934727997152 [0.7981798056819579, 0.8723404255319149, 0.9164924363546919, 0.9458861148690199]
0.6024909661597204 [0.7927684171688599, 0.8680359119419505, 0.91292583938015, 0.9407206985610626]
0.6039886580632359 [0.7952281392202681, 0.8711105645062108, 0.9144016726109949, 0.9449022260484565]
0.602103163429379 [0.7979338334768171, 0.8736932726601894, 0.9184602139958185, 0.9425654900996188]
0.6080891253479576 [0.794613208707416, 0.8704956339933587, 0.9166154224572624, 0.9455171565613085]
0.616293203567693 [0.800885499938507, 0.8734473004550486, 0.9161234780469807, 0.9462550731767311]
0.6106608129311917 [0.7980568195793876, 0.8733243143524781, 0.917722297380396, 0.9474849342024351]


