0.6792707629979743_cub_1639573194.5802941
{'mode': 'train', 'application': 'DML', 'output_paht': '.', 'models': {'encoder_params': {'pretrained_path': 'no', 'net_type': 'resnet50', 'neck': 0, 'last_stride': 0, 'red': 4, 'bn_inception': {'embed': 1, 'sz_embedding': 512}}, 'gnn_params': {'pretrained_path': 'no', 'red': 1, 'cat': 0, 'every': 0, 'gnn': {'num_layers': 1, 'aggregator': 'add', 'num_heads': 2, 'attention': 'dot', 'mlp': 0, 'dropout_mlp': 0.1, 'norm1': 1, 'norm2': 1, 'res1': 1, 'res2': 1, 'dropout_1': 0.1, 'dropout_2': 0.1, 'mult_attr': 0}, 'classifier': {'neck': 1, 'num_classes': 100, 'dropout_p': 0.4, 'use_batchnorm': 0}}}, 'graph_params': {'sim_type': 'correlation', 'thresh': 'no', 'set_negative': 'hard'}, 'dataset': {'dataset_path': '/storage/remote/atcremers62/w0013/CUB_200_2011/CUB_200_2011/', 'dataset_short': 'cub', 'num_classes': 100, 'number_aug': 2, 'magnitude': 27, 'trans': 'GL_orig_RE', 'sampling': 'no', 'bssampling': 'NumberSampler', 'val': 0, 'nb_workers': 4}, 'train_params': {'num_classes_iter': 6, 'num_elements_class': 9, 'lr': 0.0001563663718906821, 'weight_decay': 6.059722614369727e-06, 'num_epochs': 70, 'is_apex': 0, 'temperatur': 0.2, 'output_train_enc': 'plain', 'output_train_gnn': 'plain', 'loss_fn': {'fns': 'lsgnn_lsce', 'scaling_ce': 1, 'scaling_gnn': 1, 'scaling_distance': 0.01, 'scaling_center': 0.5, 'scaling_triplet': 1, 'scaling_of': 1, 'scaling_of_pre': 1, 'scaling_distill': 1, 'soft_temp': 1, 'feats': 'no', 'preds': 'no'}}, 'eval_params': {'cat': 0, 'output_test_enc': 'plain', 'output_test_gnn': 'plain'}}
0.3722639468424508 [0.23311951384199864, 0.33845374746792706, 0.4659014179608373, 0.6021269412559082]
0.5458411209377658 [0.49544226873733965, 0.6244091829844699, 0.736495611073599, 0.8303511141120864]
0.6020842105343416 [0.5514854827819041, 0.6708305199189737, 0.787474679270763, 0.8686698176907495]
0.5702756899111288 [0.5297096556380824, 0.6439905469277515, 0.75, 0.8328831870357867]
0.6364599908090245 [0.5970627954085078, 0.7147197839297772, 0.8136394328156651, 0.8836934503713707]
0.6174422040935215 [0.5867656988521269, 0.6983457123565159, 0.7954085077650236, 0.8664753544902093]
0.6698299994725837 [0.6350438892640108, 0.7481431465226198, 0.8360904794058069, 0.8977042538825118]
0.6721698261013594 [0.6473666441593517, 0.7560769750168805, 0.8436866981769074, 0.9064821066846726]
0.6797937329476249 [0.6595205941931127, 0.7587778528021607, 0.8462187711006077, 0.9064821066846726]
0.6452760641361905 [0.6212018906144497, 0.7329507089804186, 0.8225860904794058, 0.8892640108035111]
0.669976076061879 [0.6409520594193113, 0.7535449020931803, 0.8431802835921675, 0.900573936529372]
0.703199180018657 [0.6664415935178933, 0.7732950708980418, 0.8509453072248481, 0.9101958136394328]
0.6899256633888656 [0.6586765698852127, 0.7667116812964213, 0.849594868332208, 0.9105334233625928]
0.6997211610082721 [0.6531060094530723, 0.7629979743416611, 0.8541525995948683, 0.9105334233625928]
0.6892500045208045 [0.650405131667792, 0.7586090479405807, 0.8457123565158676, 0.9024307900067522]
0.7015330541909771 [0.649729912221472, 0.7599594868332208, 0.8457123565158676, 0.9047940580688724]
0.6983704605604296 [0.6411208642808913, 0.7581026333558406, 0.8421674544226874, 0.9046252532072924]
0.6962161304930237 [0.6477042538825118, 0.7604659014179609, 0.849426063470628, 0.9093517893315327]
0.7009341831625826 [0.6456785955435517, 0.7609723160027009, 0.8467251856853477, 0.9107022282241729]
0.6513004758758135 [0.6257596218771101, 0.7348075624577988, 0.8227548953409858, 0.8838622552329507]
0.6959544997148358 [0.6517555705604321, 0.7687373396353815, 0.8511141120864281, 0.9144159351789332]
0.705626730426985 [0.6708305199189737, 0.7765023632680621, 0.8566846725185685, 0.912052667116813]
0.6909329003163258 [0.637407157326131, 0.7552329507089804, 0.8448683322079676, 0.9076637407157326]
0.6853237760862165 [0.6294733288318703, 0.738352464550979, 0.8354152599594868, 0.900742741390952]
0.6993388887800159 [0.6490546927751519, 0.7646860229574611, 0.8468939905469277, 0.9032748143146523]
0.6915015663267183 [0.6433153274814315, 0.7562457798784605, 0.8421674544226874, 0.9029372045914922]
0.7031882712509713 [0.6495611073598919, 0.7608035111411209, 0.849932478055368, 0.9074949358541526]
0.6882818247450477 [0.6412896691424713, 0.7520256583389602, 0.8431802835921675, 0.9095205941931127]
0.6739444261849392 [0.6274476704929102, 0.7451046590141797, 0.8355840648210668, 0.8975354490209319]
0.6011737357198362 [0.5825455773126266, 0.6865293720459149, 0.7781904118838623, 0.8441931127616475]
0.7163099259966124 [0.6701553004726536, 0.7825793382849426, 0.8612424037812288, 0.9155975692099932]
0.7034574367583527 [0.6514179608372721, 0.7672180958811614, 0.8538149898717083, 0.9142471303173532]
0.7186108063025357 [0.6536124240378123, 0.7677245104659014, 0.8582039162727887, 0.9140783254557732]
0.7064649705716577 [0.6465226198514518, 0.762153950033761, 0.8580351114112087, 0.9149223497636731]
0.6966211661197017 [0.6421336934503714, 0.763673193787981, 0.8512829169480081, 0.9130654962862931]
0.7045552347485823 [0.6576637407157326, 0.774814314652262, 0.8600607697501688, 0.9166103983794733]
0.691354799470379 [0.6397704253882511, 0.7626603646185011, 0.8490884537474679, 0.912052667116813]
0.7153877684539559 [0.662221471978393, 0.7761647535449021, 0.8575286968264686, 0.9189736664415935]
0.712067759116892 [0.6461850101282917, 0.7660364618501013, 0.8522957461174882, 0.9130654962862931]
0.704218973092896 [0.6455097906819717, 0.7648548278190412, 0.8543214044564483, 0.9181296421336934]
0.7047298960059877 [0.6468602295746118, 0.7626603646185011, 0.8485820391627279, 0.912559081701553]
0.7014661818854654 [0.6547940580688724, 0.7668804861580013, 0.8548278190411884, 0.9171168129642133]
0.7172534734697825 [0.6645847400405132, 0.775489534098582, 0.8580351114112087, 0.9159351789331532]
0.6991571185074815 [0.6514179608372721, 0.7668804861580013, 0.8563470627954085, 0.9147535449020932]
0.7304345547883453 [0.6791019581363943, 0.7893315327481432, 0.8696826468602296, 0.9211681296421337]
0.7150813417209162 [0.6583389601620526, 0.7775151924375422, 0.8587103308575287, 0.9152599594868333]
0.7308543509618957 [0.6792707629979743, 0.7937204591492235, 0.8710330857528696, 0.9231937879810939]
0.7095065979709338 [0.6541188386225524, 0.7700877785280216, 0.8576975016880486, 0.9171168129642133]
0.7052538855443573 [0.6537812288993923, 0.7738014854827819, 0.8555030384875084, 0.9159351789331532]
0.72900623345804 [0.6785955435516543, 0.7898379473328832, 0.8695138419986496, 0.924037812288994]
0.7167416002157319 [0.6595205941931127, 0.7729574611748818, 0.8573598919648886, 0.9188048615800135]
0.7088514908688058 [0.6558068872383525, 0.7673869007427414, 0.8524645509790681, 0.9128966914247131]
0.7055905076945411 [0.649898717083052, 0.763335584064821, 0.8534773801485482, 0.9134031060094531]
0.7212704385160266 [0.6603646185010128, 0.7763335584064821, 0.861748818365969, 0.9201553004726536]
0.7028396423928382 [0.6537812288993923, 0.7689061444969615, 0.8560094530722485, 0.9184672518568535]
0.7007131073585661 [0.6455097906819717, 0.7667116812964213, 0.8576975016880486, 0.9150911546252533]
0.7210467871257267 [0.6554692775151925, 0.7704253882511817, 0.8570222822417286, 0.9184672518568535]
0.7121675996032014 [0.6576637407157326, 0.7792032410533424, 0.8555030384875084, 0.9181296421336934]
0.7019120524240857 [0.6487170830519919, 0.7680621201890614, 0.8541525995948683, 0.9144159351789332]
0.7161765869916741 [0.6547940580688724, 0.7734638757596218, 0.8580351114112087, 0.9177920324105334]
0.7256801541715829 [0.6686360567184335, 0.7780216070222823, 0.8678257933828494, 0.9231937879810939]
0.707861509770492 [0.6517555705604321, 0.7670492910195814, 0.8517893315327482, 0.9149223497636731]
0.7287262390354996 [0.6696488858879136, 0.7785280216070223, 0.8674881836596894, 0.9247130317353139]
0.6953210526593148 [0.6409520594193113, 0.7562457798784605, 0.8446995273463875, 0.9103646185010128]
0.7048348414416921 [0.6532748143146523, 0.762153950033761, 0.8528021607022283, 0.9139095205941931]
0.7088585024452413 [0.6568197164078325, 0.7695813639432816, 0.8576975016880486, 0.9150911546252533]
0.7101283566767531 [0.6541188386225524, 0.7690749493585415, 0.8526333558406483, 0.912052667116813]
0.716123093643237 [0.6580013504388926, 0.775151924375422, 0.8592167454422688, 0.9149223497636731]
0.7149098200592685 [0.6571573261309925, 0.7705941931127617, 0.8538149898717083, 0.9130654962862931]
0.6967323426795152 [0.638082376772451, 0.7614787305874409, 0.8512829169480081, 0.9117150573936529]


