0.5970627954085078_cub_1638958237.7021532
{'mode': 'train', 'application': 'DML', 'output_paht': '.', 'models': {'encoder_params': {'pretrained_path': 'no', 'net_type': 'resnet18', 'neck': 0, 'last_stride': 0, 'red': 4, 'bn_inception': {'embed': 1, 'sz_embedding': 512}}, 'gnn_params': {'pretrained_path': 'no', 'red': 1, 'cat': 0, 'every': 0, 'gnn': {'num_layers': 1, 'aggregator': 'add', 'num_heads': 2, 'attention': 'dot', 'mlp': 1, 'dropout_mlp': 0.1, 'norm1': 1, 'norm2': 1, 'res1': 1, 'res2': 1, 'dropout_1': 0.1, 'dropout_2': 0.1, 'mult_attr': 0}, 'classifier': {'neck': 1, 'num_classes': 100, 'dropout_p': 0.4, 'use_batchnorm': 0}}}, 'graph_params': {'sim_type': 'correlation', 'thresh': 'no', 'set_negative': 'hard'}, 'dataset': {'dataset_path': '/storage/remote/atcremers62/w0013/CUB_200_2011/CUB_200_2011/', 'dataset_short': 'cub', 'num_classes': 100, 'number_aug': 2, 'magnitude': 27, 'trans': 'GL_orig_RE', 'sampling': 'no', 'bssampling': 'NumberSampler', 'val': 0, 'nb_workers': 4}, 'train_params': {'num_classes_iter': 6, 'num_elements_class': 9, 'lr': 0.0001563663718906821, 'weight_decay': 6.059722614369727e-06, 'num_epochs': 70, 'is_apex': 'from yaml', 'temperatur': 0.2, 'output_train_enc': 'plain', 'output_train_gnn': 'plain', 'loss_fn': {'fns': 'lsgnn_lsce', 'scaling_ce': 1, 'scaling_gnn': 1, 'scaling_distance': 0.01, 'scaling_center': 0.5, 'scaling_triplet': 1, 'scaling_of': 1, 'scaling_of_pre': 1, 'scaling_distill': 1, 'soft_temp': 1, 'feats': 'no', 'preds': 'no'}}, 'eval_params': {'cat': 0, 'output_test_enc': 'plain', 'output_test_gnn': 'plain'}}
0.3630936700177701 [0.2084740040513167, 0.3057056043214045, 0.424713031735314, 0.5619513841998649]
0.3102678809084833 [0.14517218095881163, 0.22299122214719783, 0.3212356515867657, 0.45442268737339636]
0.40112964521781014 [0.24881836596893991, 0.34723160027008776, 0.4648885887913572, 0.5975692099932478]
0.43700511174286893 [0.3153274814314652, 0.4275827143821742, 0.5543551654287644, 0.6747130317353139]
0.511848634248095 [0.41255908170155303, 0.5349426063470628, 0.6564821066846726, 0.7712694125590817]
0.4919373608704451 [0.40310600945307223, 0.525151924375422, 0.6539500337609723, 0.7656988521269412]
0.5490387692898017 [0.46033085752869685, 0.5936866981769074, 0.7150573936529372, 0.8158338960162053]
0.5649035886637217 [0.4890276839972991, 0.6269412559081702, 0.7410533423362593, 0.8360904794058069]
0.5645135553567242 [0.4930790006752194, 0.6233963538149899, 0.7337947332883187, 0.8311951384199865]
0.5572403506584713 [0.4952734638757596, 0.6179945982444295, 0.7305874409182984, 0.8217420661715057]
0.57916080384906 [0.5303848750844025, 0.6460162052667117, 0.7530384875084403, 0.8455435516542876]
0.602702684372265 [0.5528359216745442, 0.6721809588116138, 0.774983119513842, 0.8610735989196489]
0.5997078005222167 [0.5430452397029034, 0.6591829844699527, 0.774814314652262, 0.8575286968264686]
0.6057896932284158 [0.5545239702903444, 0.6796083727211344, 0.7856178257933828, 0.8673193787981094]
0.606001302604031 [0.5521607022282242, 0.6774139095205942, 0.7773463875759622, 0.8642808912896691]
0.6170212546942647 [0.5606009453072248, 0.6895678595543552, 0.7866306549628629, 0.8685010128291695]
0.620767634056056 [0.562288993923025, 0.6939567859554355, 0.7964213369345037, 0.8722147197839297]
0.6204185057444684 [0.5602633355840648, 0.6833220796758946, 0.787305874409183, 0.8681634031060095]
0.61723112116809 [0.5590817015530047, 0.6841661039837947, 0.7893315327481432, 0.8661377447670493]
0.6152496164103948 [0.5585752869682646, 0.6799459824442944, 0.7862930452397029, 0.8683322079675895]
0.6248434884702403 [0.5660027008777853, 0.6892302498311952, 0.7879810938555031, 0.8722147197839297]
0.6141080119445381 [0.5681971640783254, 0.687373396353815, 0.7822417285617825, 0.8683322079675895]
0.6424168831864194 [0.562457798784605, 0.6963200540175557, 0.8024983119513842, 0.8801485482781904]
0.6205324550021828 [0.5609385550303849, 0.6826468602295747, 0.7893315327481432, 0.8717083051991897]
0.6232753081698026 [0.5533423362592843, 0.687711006076975, 0.798953409858204, 0.8772788656313302]
0.6188489919279027 [0.5536799459824443, 0.6834908845374746, 0.7900067521944631, 0.87491559756921]
0.6239529997832003 [0.5676907494935854, 0.6954760297096556, 0.7982781904118839, 0.87508440243079]
0.5991394528766893 [0.5430452397029034, 0.674375422012154, 0.7800472653612424, 0.8676569885212694]
0.6237825352431338 [0.576130992572586, 0.6978392977717758, 0.8024983119513842, 0.8804861580013504]
0.610147826050317 [0.5558744091829845, 0.6804523970290345, 0.7844361917623227, 0.8651249155975692]
0.6371556273976783 [0.5823767724510466, 0.7115124915597569, 0.8116137744767049, 0.8825118163403106]
0.6396744665395897 [0.5771438217420661, 0.7050979068197164, 0.8070560432140446, 0.8818365968939905]
0.638377578575262 [0.5896353814989872, 0.712862930452397, 0.8146522619851452, 0.8845374746792708]
0.6389836944617409 [0.5842336259284268, 0.7088116137744767, 0.8104321404456448, 0.8830182309250506]
0.638004570804477 [0.5810263335584065, 0.7079675894665767, 0.8072248480756246, 0.8828494260634706]
0.6432895401836318 [0.5889601620526671, 0.7180958811613775, 0.8187035786630655, 0.8841998649561107]
0.6355081771150142 [0.5813639432815665, 0.7034098582039163, 0.8085752869682646, 0.8787981093855503]
0.643948487070373 [0.588116137744767, 0.712862930452397, 0.8163403106009454, 0.8848750844024308]
0.6354822581817522 [0.5808575286968265, 0.7039162727886563, 0.8114449696151249, 0.8847062795408508]
0.6426568752904236 [0.5823767724510466, 0.7056043214044565, 0.812457798784605, 0.887069547602971]
0.6337306886893213 [0.5832207967589467, 0.7074611748818366, 0.812120189061445, 0.8858879135719109]
0.6449551245437634 [0.5940243079000675, 0.712187711006077, 0.8119513841998649, 0.8841998649561107]
0.6515242138899922 [0.5967251856853477, 0.7164078325455773, 0.8168467251856854, 0.8890952059419311]
0.6469740271356137 [0.5840648210668468, 0.7088116137744767, 0.8144834571235652, 0.888251181634031]
0.6443804674873134 [0.5948683322079676, 0.7165766374071574, 0.8149898717083052, 0.8841998649561107]
0.6433615956361809 [0.5884537474679271, 0.712862930452397, 0.8104321404456448, 0.8848750844024308]
0.6483396603494496 [0.5911546252532073, 0.7167454422687374, 0.8149898717083052, 0.886563133018231]
0.641205398871417 [0.5844024307900068, 0.713031735313977, 0.8119513841998649, 0.8848750844024308]
0.6382334587520869 [0.5892977717758271, 0.7137069547602971, 0.812964213369345, 0.8889264010803511]
0.6462780763922412 [0.5970627954085078, 0.7177582714382175, 0.8198852126941256, 0.8916272788656313]
0.6424508173387454 [0.5784942606347063, 0.7013841998649561, 0.8144834571235652, 0.887407157326131]
0.6419335631497195 [0.5813639432815665, 0.7077987846049967, 0.812964213369345, 0.888588791357191]
0.6436620925495953 [0.5779878460499662, 0.7111748818365969, 0.8139770425388251, 0.8847062795408508]
0.6440548449538123 [0.575624577987846, 0.7096556380823767, 0.812457798784605, 0.886731937879811]
0.6443555469188551 [0.5793382849426063, 0.7093180283592168, 0.8144834571235652, 0.8857191087103309]
0.6402298159762752 [0.5771438217420661, 0.7071235651586766, 0.8057056043214045, 0.8838622552329507]
0.6386504002020559 [0.5849088453747467, 0.7072923700202566, 0.8112761647535449, 0.8879135719108711]
0.6338739389527244 [0.5825455773126266, 0.7069547602970966, 0.8116137744767049, 0.8862255232950709]
0.6400052259880243 [0.5774814314652262, 0.7027346387575962, 0.8068872383524646, 0.8833558406482107]
0.6463966794409172 [0.5862592842673869, 0.7066171505739365, 0.8133018230925051, 0.888082376772451]
0.6498871826801338 [0.5914922349763673, 0.712862930452397, 0.8141458474004052, 0.887407157326131]
0.6403995544897179 [0.5842336259284268, 0.7045914922349764, 0.812795408507765, 0.886563133018231]
0.6429254055129421 [0.5958811613774476, 0.712694125590817, 0.8111073598919649, 0.8863943281566509]
0.6415632933998346 [0.5869345037137069, 0.7106684672518568, 0.8138082376772451, 0.8855503038487509]
0.6453089623190177 [0.5842336259284268, 0.7103308575286968, 0.812120189061445, 0.8848750844024308]
0.6500330523147678 [0.5825455773126266, 0.7089804186360568, 0.8087440918298447, 0.886900742741391]
0.6405953307985923 [0.5754557731262661, 0.7086428089128967, 0.8141458474004052, 0.886900742741391]
0.6453162332606873 [0.5847400405131667, 0.7091492234976368, 0.8119513841998649, 0.887407157326131]
0.6378065577663636 [0.5798446995273464, 0.7089804186360568, 0.8095881161377447, 0.887238352464551]
0.6505902210473788 [0.5800135043889264, 0.7045914922349764, 0.8100945307224848, 0.888588791357191]


