0.562795408507765_cub_1638949218.0043416
{'mode': 'train', 'application': 'DML', 'output_paht': '.', 'models': {'encoder_params': {'pretrained_path': 'no', 'net_type': 'resnet18', 'neck': 0, 'last_stride': 0, 'red': 4, 'bn_inception': {'embed': 1, 'sz_embedding': 512}}, 'gnn_params': {'pretrained_path': 'no', 'red': 1, 'cat': 0, 'every': 0, 'gnn': {'num_layers': 1, 'aggregator': 'add', 'num_heads': 2, 'attention': 'dot', 'mlp': 0, 'dropout_mlp': 0.1, 'norm1': 1, 'norm2': 1, 'res1': 1, 'res2': 1, 'dropout_1': 0.1, 'dropout_2': 0.1, 'mult_attr': 0}, 'classifier': {'neck': 1, 'num_classes': 100, 'dropout_p': 0.4, 'use_batchnorm': 0}}}, 'graph_params': {'sim_type': 'correlation', 'thresh': 'no', 'set_negative': 'hard'}, 'dataset': {'dataset_path': '/storage/remote/atcremers62/w0013/CUB_200_2011/CUB_200_2011/', 'dataset_short': 'cub', 'num_classes': 100, 'number_aug': 2, 'magnitude': 27, 'trans': 'GL_orig_RE', 'sampling': 'no', 'bssampling': 'NumberSampler', 'val': 0, 'nb_workers': 4}, 'train_params': {'num_classes_iter': 6, 'num_elements_class': 9, 'lr': 0.0001563663718906821, 'weight_decay': 6.059722614369727e-06, 'num_epochs': 70, 'is_apex': 'from yaml', 'temperatur': 0.2, 'output_train_enc': 'plain', 'output_train_gnn': 'plain', 'loss_fn': {'fns': 'lsgnn_lsce', 'scaling_ce': 1, 'scaling_gnn': 1, 'scaling_distance': 0.01, 'scaling_center': 0.5, 'scaling_triplet': 1, 'scaling_of': 1, 'scaling_of_pre': 1, 'scaling_distill': 1, 'soft_temp': 1, 'feats': 'no', 'preds': 'no'}}, 'eval_params': {'cat': 0, 'output_test_enc': 'plain', 'output_test_gnn': 'plain'}}
0.37140091671212666 [0.22434166103983794, 0.31667792032410536, 0.4393990546927751, 0.5752869682646861]
0.2832279239297218 [0.13470627954085077, 0.20830519918973667, 0.30435516542876434, 0.4188048615800135]
0.3581279595830325 [0.1949696151249156, 0.2792032410533423, 0.40276839972991224, 0.5334233625928426]
0.3921653594673465 [0.23463875759621877, 0.33642808912896693, 0.46151249155975693, 0.5955435516542876]
0.4824353695482456 [0.3467251856853477, 0.4660702228224173, 0.5962187711006077, 0.7241728561782579]
0.4514113459217033 [0.3212356515867657, 0.44294395678595544, 0.5698852126941256, 0.6912559081701553]
0.5374944675914236 [0.43399729912221474, 0.5550303848750844, 0.6804523970290345, 0.7967589466576638]
0.536145103012582 [0.44564483457123566, 0.575624577987846, 0.687542201215395, 0.7967589466576638]
0.5387796549454215 [0.44058068872383527, 0.5676907494935854, 0.6900742741390952, 0.7959149223497637]
0.5337822179988864 [0.43889264010803514, 0.5592505064145847, 0.6882174206617151, 0.7915259959486833]
0.5505307152117603 [0.4716407832545577, 0.5945307224848075, 0.712187711006077, 0.8168467251856854]
0.573684168810396 [0.4974679270762998, 0.6208642808912896, 0.7348075624577988, 0.8266374071573261]
0.558980279073608 [0.4777177582714382, 0.5970627954085078, 0.7187711006076976, 0.8193787981093855]
0.5865786684178129 [0.5145172180958811, 0.6431465226198515, 0.7575962187711006, 0.8467251856853477]
0.5664901674781732 [0.4853139770425388, 0.6173193787981094, 0.7336259284267387, 0.8295070898041864]
0.603282378380839 [0.5209318028359217, 0.650067521944632, 0.7613099257258609, 0.8558406482106685]
0.6044461864480765 [0.5273463875759622, 0.6515867656988521, 0.7697501688048616, 0.8563470627954085]
0.6023790260721426 [0.5285280216070223, 0.6568197164078325, 0.7640108035111411, 0.8588791357191087]
0.6031350825482606 [0.5386563133018231, 0.662052667116813, 0.7761647535449021, 0.8639432815665091]
0.5843171123049388 [0.5052329507089804, 0.6407832545577312, 0.75033760972316, 0.8414922349763673]
0.5971123508435614 [0.5271775827143822, 0.6482106684672518, 0.7678933153274814, 0.8551654287643484]
0.5924511184871172 [0.513166779203241, 0.6470290344361918, 0.7552329507089804, 0.8468939905469277]
0.598299614063483 [0.5143484132343011, 0.6438217420661715, 0.7611411208642809, 0.8507765023632681]
0.6023977867653466 [0.5286968264686023, 0.6644159351789332, 0.7714382174206618, 0.8580351114112087]
0.615574502280051 [0.5195813639432816, 0.6566509115462525, 0.7702565833896016, 0.8595543551654288]
0.6082811148329447 [0.5280216070222823, 0.6578325455773126, 0.7734638757596218, 0.861580013504389]
0.607888114309722 [0.5286968264686023, 0.6607022282241729, 0.7780216070222823, 0.862761647535449]
0.556682234843526 [0.49577987846049965, 0.612761647535449, 0.7273801485482781, 0.8239365293720459]
0.600543034613638 [0.5224510465901417, 0.6519243754220122, 0.7685685347738015, 0.8603983794733289]
0.5643758600063327 [0.4986495611073599, 0.6260972316002701, 0.7398717083051992, 0.8328831870357867]
0.6136213278274416 [0.5513166779203241, 0.6737002025658338, 0.7812288993923024, 0.8669817690749494]
0.6111717538151263 [0.537643484132343, 0.6674544226873734, 0.7761647535449021, 0.8636056718433491]
0.6187834469759207 [0.550303848750844, 0.6775827143821742, 0.7900067521944631, 0.8696826468602296]
0.6140478903045796 [0.5457461174881837, 0.6709993247805537, 0.7805536799459825, 0.8654625253207292]
0.6169568457378469 [0.5425388251181634, 0.6645847400405132, 0.7819041188386225, 0.8669817690749494]
0.6121191620768188 [0.5545239702903444, 0.6806212018906145, 0.7895003376097232, 0.8695138419986496]
0.6213067192116238 [0.5462525320729237, 0.6735313977042539, 0.7846049966239028, 0.8666441593517893]
0.6181355893780018 [0.5464213369345037, 0.6733625928426739, 0.7812288993923024, 0.8644496961512491]
0.6264571119542163 [0.5464213369345037, 0.6725185685347738, 0.7810600945307224, 0.8658001350438893]
0.6245830148570555 [0.5415259959486833, 0.6682984469952734, 0.7817353139770425, 0.8641120864280891]
0.6215688731862193 [0.5388251181634031, 0.6682984469952734, 0.7790344361917623, 0.863099257258609]
0.6178394359484587 [0.5450708980418636, 0.6676232275489534, 0.775320729237002, 0.8646185010128292]
0.6268004777176089 [0.5560432140445645, 0.6831532748143146, 0.7937204591492235, 0.8712018906144497]
0.616829614112548 [0.5379810938555031, 0.6677920324105334, 0.7847738014854828, 0.8669817690749494]
0.6203504737500767 [0.5467589466576638, 0.6720121539500338, 0.7856178257933828, 0.8700202565833896]
0.6231180973372977 [0.5428764348413234, 0.6699864956110736, 0.7840985820391627, 0.8701890614449697]
0.6217145827114274 [0.5440580688723835, 0.6748818365968939, 0.7840985820391627, 0.8651249155975692]
0.6176841042498156 [0.5389939230249832, 0.6682984469952734, 0.7844361917623227, 0.8685010128291695]
0.621589926523456 [0.5337609723160027, 0.6701553004726536, 0.7785280216070223, 0.8710330857528696]
0.6272865910221859 [0.5497974341661039, 0.6826468602295747, 0.7908507765023632, 0.8730587440918298]
0.6231511064346528 [0.5481093855503039, 0.675894665766374, 0.7852802160702228, 0.8678257933828494]
0.6212946278317192 [0.5462525320729237, 0.6720121539500338, 0.7781904118838623, 0.8652937204591492]
0.6250396045327845 [0.5474341661039838, 0.6725185685347738, 0.7903443619176233, 0.8683322079675895]
0.6147547794182471 [0.5347738014854828, 0.6632343011478731, 0.7788656313301823, 0.8668129642133694]
0.6196951622690793 [0.5379810938555031, 0.6674544226873734, 0.7805536799459825, 0.8695138419986496]
0.6260485597795786 [0.5418636056718433, 0.674037812288994, 0.7835921674544227, 0.87508440243079]
0.6309965173536216 [0.5482781904118839, 0.6725185685347738, 0.7827481431465226, 0.8698514517218096]
0.6242600733051439 [0.5427076299797434, 0.6709993247805537, 0.7807224848075625, 0.8703578663065497]
0.629235813922216 [0.5413571910871033, 0.6640783254557732, 0.7805536799459825, 0.8676569885212694]
0.6265143693818666 [0.549291019581364, 0.6774139095205942, 0.7888251181634031, 0.8688386225523295]
0.629047453628249 [0.562795408507765, 0.6948008102633356, 0.798953409858204, 0.87457798784605]
0.6280164650604559 [0.5423700202565834, 0.675557056043214, 0.7847738014854828, 0.8712018906144497]
0.6278381180004852 [0.5565496286293046, 0.6843349088453747, 0.7947332883187036, 0.8728899392302498]
0.6215672083210185 [0.5396691424713032, 0.6709993247805537, 0.7857866306549629, 0.8698514517218096]
0.6243554696912392 [0.5425388251181634, 0.6716745442268738, 0.7862930452397029, 0.8701890614449697]
0.6294483104974128 [0.5454085077650236, 0.674375422012154, 0.787305874409183, 0.8739027683997299]
0.6266706900819471 [0.550641458474004, 0.6745442268737339, 0.7898379473328832, 0.87508440243079]
0.6185551147514161 [0.5482781904118839, 0.6777515192437542, 0.7846049966239028, 0.8691762322754896]
0.6332488370179371 [0.5450708980418636, 0.6774139095205942, 0.7896691424713032, 0.8732275489534098]
0.6259000057333988 [0.5433828494260635, 0.6728561782579339, 0.7820729237002025, 0.8710330857528696]


