0.8119542491698438_cars_1638891923.600119
{'mode': 'train', 'application': 'DML', 'output_paht': '.', 'models': {'encoder_params': {'pretrained_path': 'no', 'net_type': 'resnet18', 'neck': 0, 'last_stride': 0, 'red': 4, 'bn_inception': {'embed': 1, 'sz_embedding': 512}}, 'gnn_params': {'pretrained_path': 'no', 'red': 1, 'cat': 1, 'every': 0, 'gnn': {'num_layers': 2, 'aggregator': 'add', 'num_heads': 8, 'attention': 'dot', 'mlp': 0, 'dropout_mlp': 0.1, 'norm1': 1, 'norm2': 1, 'res1': 1, 'res2': 1, 'dropout_1': 0.1, 'dropout_2': 0.1, 'mult_attr': 0}, 'classifier': {'neck': 1, 'num_classes': 98, 'dropout_p': 0.4, 'use_batchnorm': 0}}}, 'graph_params': {'sim_type': 'correlation', 'thresh': 'no', 'set_negative': 'hard'}, 'dataset': {'dataset_path': '/storage/remote/atcremers62/w0013/CARS', 'dataset_short': 'cars', 'num_classes': 98, 'trans': 'GL_orig_RE', 'number_aug': 2, 'magnitude': 27, 'sampling': 'no', 'bssampling': 'no', 'val': 0, 'nb_workers': 4}, 'train_params': {'num_classes_iter': 10, 'num_elements_class': 7, 'lr': 0.00036683239911604993, 'weight_decay': 2.551918610962277e-09, 'num_epochs': 70, 'is_apex': 'from yaml', 'temperatur': 0.1111111111111, 'output_train_enc': 'plain', 'output_train_gnn': 'plain', 'loss_fn': {'fns': 'lsce_lsgnn', 'scaling_ce': 1, 'scaling_gnn': 1, 'scaling_distance': 0.01, 'scaling_center': 0.5, 'scaling_triplet': 1, 'scaling_of': 1, 'scaling_of_pre': 1, 'scaling_distill': 1, 'soft_temp': 10, 'preds': 'no', 'feats': 'no'}}, 'eval_params': {'output_test_enc': 'plain', 'output_test_gnn': 'plain', 'cat': 0}}
0.2501461153934373 [0.19899151395892264, 0.2752428975525766, 0.3708030992497848, 0.4853031607428361]
0.28385397278977803 [0.2714303283728939, 0.36637559955725, 0.4763251752551962, 0.592793014389374]
0.3015016205647697 [0.278686508424548, 0.37928914032714306, 0.4950190628458984, 0.607797318902964]
0.32664744562953535 [0.3415324068380273, 0.4473004550485795, 0.5649981552084614, 0.6799901611117943]
0.37047770695177096 [0.4214733735087935, 0.54052392079695, 0.6610503013159513, 0.7614069610134054]
0.4078208063716008 [0.47866191120403395, 0.6000491944410281, 0.7119665477801008, 0.8026073053744927]
0.43161404109128615 [0.5383101709506826, 0.6533021768540155, 0.7530439060386176, 0.8279424425039971]
0.46902020760799523 [0.5959906530562047, 0.7060632148567212, 0.7910466117328742, 0.8605337596851556]
0.4885744461230798 [0.6442012052638052, 0.7416061984995695, 0.8216701512729062, 0.8836551469683925]
0.5021126685611407 [0.6435862747509531, 0.742344115114992, 0.8163817488623786, 0.878981675070717]
0.5176650941247594 [0.6649858565982044, 0.7577173779362932, 0.8353216086582216, 0.8868527856352232]
0.5315514066597532 [0.6917968269585537, 0.7809617513221006, 0.8465133439921289, 0.901488131841102]
0.5477065142159121 [0.7254950190628459, 0.8140450129135408, 0.8761529947115976, 0.9190751445086706]
0.5583631568239928 [0.7229123109088673, 0.8120772352724143, 0.8736932726601894, 0.9158775058418399]
0.5687272999405745 [0.7304144631656623, 0.8076497355798795, 0.8698807034805067, 0.9161234780469807]
0.5762004574188172 [0.7393924486533022, 0.8238839011191735, 0.8848850079940966, 0.9274381994834584]
0.5654341468308862 [0.7359488377813307, 0.8232689706063215, 0.8852539663018079, 0.9281761160988808]
0.5928744985244142 [0.7636207108596729, 0.8483581355306851, 0.9060386176362071, 0.9410896568687739]
0.5649964812478213 [0.7430820317304144, 0.8311400811708277, 0.8889435493789202, 0.933341532406838]
0.5734180910555087 [0.7599311277825606, 0.8452834829664247, 0.8968146599434264, 0.9327266018939859]
0.5797974649690573 [0.7604230721928422, 0.8468823022998401, 0.9034559094822285, 0.9424425039970483]
0.5667787292183172 [0.7596851555774198, 0.8355675808633625, 0.8869757717377936, 0.9232566719960644]
0.5720842857043322 [0.7513221006026319, 0.8390111917353339, 0.8989054236871233, 0.9403517402533513]
0.5682635116527638 [0.7470175870126675, 0.8322469560939614, 0.8890665354814906, 0.9276841716885992]
0.5576500611389794 [0.7310293936785144, 0.8158898044520969, 0.8697577173779363, 0.9103431312261715]
0.5657244761054487 [0.7601770999877014, 0.8447915385561432, 0.899397368097405, 0.9370311154839503]
0.5811234646584638 [0.7835444594760792, 0.8595498708645923, 0.9120649366621572, 0.9496986840487025]
0.5443762838249496 [0.7318902963965072, 0.8199483458369204, 0.8819333415324069, 0.9247325052269093]
0.5574799269056715 [0.7390234903455909, 0.8265895953757225, 0.8899274381994835, 0.9303898659451482]
0.5837197405359228 [0.7598081416799901, 0.8490960521461075, 0.906284589841348, 0.9421965317919075]
0.5940111490486158 [0.7898167507071701, 0.8637313983519862, 0.9137867420981429, 0.9458861148690199]
0.6064843880896638 [0.7958430697331201, 0.8691427868650843, 0.9162464641495511, 0.9492067396384208]
0.5991507374427469 [0.7954741114254089, 0.8682818841470914, 0.9157545197392695, 0.9490837535358504]
0.5900764347384588 [0.7978108473742467, 0.8756610503013159, 0.9189521584061001, 0.9504366006641249]
0.5982253157396783 [0.8001475833230844, 0.8761529947115976, 0.9230106997909236, 0.9527733366129627]
0.6133977185241686 [0.8019923748616407, 0.8775058418398721, 0.9243635469191981, 0.9546181281515189]
0.6087293396113977 [0.7980568195793876, 0.8718484811216333, 0.9226417414832124, 0.9520354199975403]
0.6079414116911324 [0.8001475833230844, 0.87689091132702, 0.9268232689706063, 0.9544951420489485]
0.6090513988743582 [0.7962120280408314, 0.873570286557619, 0.9223957692780715, 0.951666461689829]
0.6155883335639594 [0.8012544582462182, 0.8791046611732874, 0.9258393801500431, 0.9559709752797934]
0.6049203554254569 [0.7997786250153732, 0.8752920919936047, 0.9238716025089165, 0.9528963227155332]
0.604265023357747 [0.8034682080924855, 0.8772598696347312, 0.925224449637191, 0.9565859057926455]
0.6131721014257664 [0.804206124707908, 0.8793506333784282, 0.9260853523551839, 0.957077850202927]
0.6090491709530965 [0.803591194195056, 0.8781207723527241, 0.9268232689706063, 0.959168613946624]
0.6127904953328289 [0.8006395277333661, 0.8765219530193088, 0.925224449637191, 0.9562169474849342]
0.6219833663310448 [0.8072807772721683, 0.8807034805067028, 0.9275611855860287, 0.9573238224080679]
0.6192774447766611 [0.8033452219899151, 0.8755380641987456, 0.925224449637191, 0.956462919690075]
0.6153960247312629 [0.8119542491698438, 0.8819333415324069, 0.929405977124585, 0.9615053498954618]
0.6174604354159744 [0.8032222358873448, 0.8773828557373017, 0.9235026442012053, 0.9565859057926455]
0.6218626490791075 [0.8029762636822039, 0.8773828557373017, 0.9251014635346206, 0.9562169474849342]
0.6137946024515172 [0.8026073053744927, 0.8755380641987456, 0.92190382486779, 0.9530193088181036]
0.6173428557125892 [0.8054359857336121, 0.8797195916861394, 0.9258393801500431, 0.9589226417414832]
0.6086653160001512 [0.8039601525027672, 0.8779977862501537, 0.9226417414832124, 0.9532652810232444]
0.6128483962467317 [0.8017464026564998, 0.8750461197884639, 0.9249784774320502, 0.9560939613823638]
0.6314700575824407 [0.8071577911695978, 0.8802115360964211, 0.9247325052269093, 0.9554790308695117]
0.6093002645753974 [0.8005165416307958, 0.8697577173779363, 0.9179682695855368, 0.9466240314844423]
0.6137149330610651 [0.8030992497847743, 0.8767679252244497, 0.9236256303037756, 0.9525273644078219]
0.6191800979640236 [0.8048210552207601, 0.87689091132702, 0.9232566719960644, 0.9541261837412373]
0.6211062889290384 [0.8058049440413233, 0.8765219530193088, 0.9297749354322962, 0.9584306973312016]
0.6162414810953185 [0.8010084860410773, 0.8724634116344853, 0.9232566719960644, 0.9548641003566597]
0.6227292572022757 [0.806911818964457, 0.8798425777887099, 0.9276841716885992, 0.9575697946132087]
0.6170805999982001 [0.8113393186569917, 0.8813184110195548, 0.9285450744065921, 0.9583077112286311]
0.6158767094309999 [0.8023613331693519, 0.8736932726601894, 0.9207969499446562, 0.9511745172795474]
0.6220063129067565 [0.8101094576312876, 0.883778133070963, 0.9338334768171197, 0.9595375722543352]
0.6227823103418082 [0.8053129996310416, 0.8791046611732874, 0.9265772967654655, 0.9552330586643709]
0.6091508855311216 [0.8039601525027672, 0.8766449391218792, 0.9207969499446562, 0.9514204894846883]
0.6026881884799334 [0.8060509162464642, 0.881072438814414, 0.9268232689706063, 0.9568318779977862]
0.6161409905868412 [0.8051900135284713, 0.878366744557865, 0.9244865330217685, 0.956462919690075]
0.6199476766682371 [0.8039601525027672, 0.8791046611732874, 0.925224449637191, 0.9565859057926455]
0.6127689312343252 [0.7944902226048457, 0.8664370926085352, 0.9134177837904317, 0.9423195178944779]


