0.699696151249156_cub_1639482697.2758284
{'mode': 'train', 'application': 'DML', 'output_paht': '.', 'models': {'encoder_params': {'pretrained_path': 'no', 'net_type': 'resnet50', 'neck': 0, 'last_stride': 0, 'red': 4, 'bn_inception': {'embed': 1, 'sz_embedding': 512}}, 'gnn_params': {'pretrained_path': 'no', 'red': 1, 'cat': 0, 'every': 0, 'gnn': {'num_layers': 1, 'aggregator': 'add', 'num_heads': 2, 'attention': 'dot', 'mlp': 1, 'dropout_mlp': 0.1, 'norm1': 1, 'norm2': 1, 'res1': 1, 'res2': 1, 'dropout_1': 0.1, 'dropout_2': 0.1, 'mult_attr': 0}, 'classifier': {'neck': 1, 'num_classes': 100, 'dropout_p': 0.4, 'use_batchnorm': 0}}}, 'graph_params': {'sim_type': 'correlation', 'thresh': 'no', 'set_negative': 'hard'}, 'dataset': {'dataset_path': '/storage/remote/atcremers62/w0013/CUB_200_2011/CUB_200_2011/', 'dataset_short': 'cub', 'num_classes': 100, 'number_aug': 2, 'magnitude': 27, 'trans': 'GL_orig_RE', 'sampling': 'no', 'bssampling': 'NumberSampler', 'val': 0, 'nb_workers': 4}, 'train_params': {'num_classes_iter': 6, 'num_elements_class': 9, 'lr': 0.0001563663718906821, 'weight_decay': 6.059722614369727e-06, 'num_epochs': 70, 'is_apex': 0, 'temperatur': 0.2, 'output_train_enc': 'plain', 'output_train_gnn': 'plain', 'loss_fn': {'fns': 'lsgnn_lsce', 'scaling_ce': 1, 'scaling_gnn': 1, 'scaling_distance': 0.01, 'scaling_center': 0.5, 'scaling_triplet': 1, 'scaling_of': 1, 'scaling_of_pre': 1, 'scaling_distill': 1, 'soft_temp': 1, 'feats': 'no', 'preds': 'no'}}, 'eval_params': {'cat': 0, 'output_test_enc': 'plain', 'output_test_gnn': 'plain'}}
0.3702217716278105 [0.22079675894665765, 0.3337272113436867, 0.45678595543551653, 0.5921674544226874]
0.5450699946626995 [0.48210668467251855, 0.6103983794733289, 0.7317690749493585, 0.8273126266036462]
0.6128727407330676 [0.562964213369345, 0.6887238352464551, 0.7903443619176233, 0.8690074274139096]
0.5695403548749584 [0.5259959486833221, 0.650067521944632, 0.7489871708305199, 0.837778528021607]
0.639274265634075 [0.612761647535449, 0.7236664415935179, 0.8176907494935854, 0.8823430114787306]
0.6018763090149171 [0.5702228224172856, 0.6915935178933154, 0.7903443619176233, 0.8598919648885888]
0.6633259806088074 [0.638082376772451, 0.7457798784604996, 0.8325455773126266, 0.8950033760972316]
0.6720884195158535 [0.6490546927751519, 0.7597906819716408, 0.8411546252532073, 0.9019243754220122]
0.653281205234486 [0.6419648885887913, 0.7493247805536799, 0.8325455773126266, 0.8956785955435517]
0.6547201770412174 [0.6431465226198515, 0.74949358541526, 0.8308575286968265, 0.8946657663740716]
0.673813847897417 [0.6630654962862931, 0.7660364618501013, 0.8426738690074275, 0.9029372045914922]
0.6949808561209763 [0.6595205941931127, 0.761985145172181, 0.8435178933153274, 0.9027683997299122]
0.6881091740104412 [0.6450033760972316, 0.7550641458474004, 0.8362592842673869, 0.8951721809588116]
0.6981415549658085 [0.6688048615800135, 0.7721134368669818, 0.8509453072248481, 0.9066509115462525]
0.7096127055515343 [0.6770762997974341, 0.7896691424713032, 0.8609047940580689, 0.912727886563133]
0.69884020123732 [0.6549628629304524, 0.7673869007427414, 0.8543214044564483, 0.9078325455773126]
0.6964703555167465 [0.6642471303173532, 0.775489534098582, 0.8553342336259284, 0.9128966914247131]
0.694011401352092 [0.6640783254557732, 0.7695813639432816, 0.8509453072248481, 0.9061444969615124]
0.6956842931003214 [0.6615462525320729, 0.763673193787981, 0.8526333558406483, 0.9107022282241729]
0.6906551559534074 [0.6617150573936529, 0.7771775827143822, 0.8533085752869682, 0.9100270087778528]
0.6971771167042755 [0.6542876434841324, 0.7651924375422012, 0.849763673193788, 0.9117150573936529]
0.6874570789436191 [0.6655975692099932, 0.7707629979743417, 0.8487508440243079, 0.9069885212694125]
0.6933538555608595 [0.6514179608372721, 0.7641796083727211, 0.8475692099932478, 0.9086765698852127]
0.6983428443719115 [0.6515867656988521, 0.7668804861580013, 0.8526333558406483, 0.9093517893315327]
0.692825849047031 [0.6409520594193113, 0.7565833896016205, 0.8450371370695476, 0.9080013504388926]
0.706349951941838 [0.6438217420661715, 0.7587778528021607, 0.849763673193788, 0.9113774476704929]
0.7073803796935058 [0.6588453747467927, 0.7741390952059419, 0.8556718433490884, 0.9113774476704929]
0.6694397679169476 [0.6426401080351114, 0.7565833896016205, 0.8462187711006077, 0.9034436191762323]
0.6910190335811479 [0.6428089128966914, 0.7604659014179609, 0.8519581363943282, 0.9101958136394328]
0.6779034736340843 [0.6525995948683322, 0.7646860229574611, 0.8460499662390277, 0.900405131667792]
0.7146333351956947 [0.6764010803511141, 0.7900067521944631, 0.863436866981769, 0.9150911546252533]
0.7093121727504147 [0.6671168129642133, 0.7812288993923024, 0.8609047940580689, 0.9150911546252533]
0.7170249903151066 [0.675050641458474, 0.7829169480081026, 0.8602295746117489, 0.9134031060094531]
0.7079532440631224 [0.675894665766374, 0.7840985820391627, 0.861580013504389, 0.9142471303173532]
0.71081586919271 [0.6704929101958136, 0.7861242403781229, 0.862592842673869, 0.912727886563133]
0.7180703289635273 [0.6747130317353139, 0.7803848750844025, 0.8595543551654288, 0.9115462525320729]
0.7096031337532346 [0.6696488858879136, 0.7805536799459825, 0.861917623227549, 0.9135719108710331]
0.7281868279757248 [0.6909182984469953, 0.7962525320729237, 0.8706954760297096, 0.9206617150573937]
0.704603870134896 [0.6730249831195139, 0.7839297771775827, 0.862592842673869, 0.9169480081026333]
0.7074079882939398 [0.675388251181634, 0.7825793382849426, 0.8620864280891289, 0.9181296421336934]
0.708838031059205 [0.6747130317353139, 0.7825793382849426, 0.861580013504389, 0.9174544226873734]
0.7197391724430502 [0.6777515192437542, 0.7857866306549629, 0.8679945982444295, 0.9196488858879136]
0.7326594232128748 [0.699696151249156, 0.8018230925050641, 0.8740715732613099, 0.9215057393652937]
0.7157851805119493 [0.6747130317353139, 0.7805536799459825, 0.8664753544902093, 0.9171168129642133]
0.7250455510367334 [0.6914247130317354, 0.7972653612424038, 0.8739027683997299, 0.9220121539500338]
0.7222350911905834 [0.6819716407832546, 0.7900067521944631, 0.8708642808912896, 0.9204929101958136]
0.7246421366081669 [0.6956448345712356, 0.800303848750844, 0.87508440243079, 0.9231937879810939]
0.7231136949575673 [0.6777515192437542, 0.7915259959486833, 0.8693450371370696, 0.9149223497636731]
0.7218458615406248 [0.675557056043214, 0.7808912896691425, 0.8664753544902093, 0.9201553004726536]
0.72491921871394 [0.6924375422012155, 0.799966239027684, 0.87542201215395, 0.9223497636731938]
0.7140840594202834 [0.6730249831195139, 0.7839297771775827, 0.8673193787981094, 0.9191424713031735]
0.717979836549095 [0.6659351789331532, 0.7800472653612424, 0.8642808912896691, 0.9174544226873734]
0.7213086904153769 [0.6716745442268738, 0.7815665091154625, 0.8636056718433491, 0.9188048615800135]
0.7254016763255045 [0.6748818365968939, 0.7834233625928426, 0.8647873058744092, 0.9191424713031735]
0.7148867606921313 [0.674206617150574, 0.7802160702228225, 0.862930452397029, 0.9166103983794733]
0.7122802577559861 [0.6785955435516543, 0.7854490209318028, 0.8641120864280891, 0.9162727886563133]
0.7209441416180352 [0.6780891289669142, 0.7839297771775827, 0.8654625253207292, 0.9189736664415935]
0.7238026699162337 [0.6720121539500338, 0.7800472653612424, 0.8609047940580689, 0.9186360567184335]
0.7091162334776018 [0.661883862255233, 0.7744767049291019, 0.8598919648885888, 0.9154287643484132]
0.7218561686844628 [0.6709993247805537, 0.7844361917623227, 0.8649561107359892, 0.9230249831195139]
0.7366591701292324 [0.687711006076975, 0.7903443619176233, 0.8688386225523295, 0.923869007427414]
0.7241917908013934 [0.6671168129642133, 0.7797096556380824, 0.8666441593517893, 0.9209993247805537]
0.7301183474389155 [0.6914247130317354, 0.7986158001350439, 0.8755908170155301, 0.924206617150574]
0.7204511374585985 [0.6682984469952734, 0.7812288993923024, 0.8646185010128292, 0.9203241053342336]
0.7153950492486658 [0.6785955435516543, 0.7852802160702228, 0.8688386225523295, 0.9233625928426739]
0.7187528274636911 [0.6704929101958136, 0.7854490209318028, 0.8652937204591492, 0.9191424713031735]
0.7215545327168904 [0.6745442268737339, 0.7862930452397029, 0.8659689399054693, 0.9201553004726536]
0.7323397900490324 [0.6730249831195139, 0.7851114112086428, 0.8691762322754896, 0.9209993247805537]
0.71779326058073 [0.6634031060094531, 0.7792032410533424, 0.862930452397029, 0.9167792032410533]
0.7212259175183648 [0.6581701553004726, 0.7690749493585415, 0.8553342336259284, 0.9142471303173532]


