0.5666779203241054_cub_1638914425.2159865
{'mode': 'train', 'application': 'DML', 'output_paht': '.', 'models': {'encoder_params': {'pretrained_path': 'no', 'net_type': 'resnet18', 'neck': 0, 'last_stride': 0, 'red': 4, 'bn_inception': {'embed': 1, 'sz_embedding': 512}}, 'gnn_params': {'pretrained_path': 'no', 'red': 1, 'cat': 0, 'every': 0, 'gnn': {'num_layers': 1, 'aggregator': 'add', 'num_heads': 2, 'attention': 'dot', 'mlp': 1, 'dropout_mlp': 0.1, 'norm1': 1, 'norm2': 1, 'res1': 0, 'res2': 0, 'dropout_1': 0.1, 'dropout_2': 0.1, 'mult_attr': 0}, 'classifier': {'neck': 1, 'num_classes': 100, 'dropout_p': 0.4, 'use_batchnorm': 0}}}, 'graph_params': {'sim_type': 'correlation', 'thresh': 'no', 'set_negative': 'hard'}, 'dataset': {'dataset_path': '/storage/remote/atcremers51/w0013/intra_batch_data/CUB_200_2011/', 'dataset_short': 'cub', 'num_classes': 100, 'number_aug': 2, 'magnitude': 27, 'trans': 'GL_orig_RE', 'sampling': 'no', 'bssampling': 'NumberSampler', 'val': 0, 'nb_workers': 4}, 'train_params': {'num_classes_iter': 6, 'num_elements_class': 9, 'lr': 0.0001563663718906821, 'weight_decay': 6.059722614369727e-06, 'num_epochs': 70, 'is_apex': 'from yaml', 'temperatur': 0.2, 'output_train_enc': 'plain', 'output_train_gnn': 'plain', 'loss_fn': {'fns': 'lsgnn_lsce', 'scaling_ce': 1, 'scaling_gnn': 1, 'scaling_distance': 0.01, 'scaling_center': 0.5, 'scaling_triplet': 1, 'scaling_of': 1, 'scaling_of_pre': 1, 'scaling_distill': 1, 'soft_temp': 1, 'feats': 'no', 'preds': 'no'}}, 'eval_params': {'cat': 0, 'output_test_enc': 'plain', 'output_test_gnn': 'plain'}}
0.36096799294929727 [0.2074611748818366, 0.30216070222822417, 0.42420661715057395, 0.5563808237677245]
0.28149723780479763 [0.12356515867656989, 0.1899054692775152, 0.2813977042538825, 0.4049628629304524]
0.3123903725426693 [0.15935178933153274, 0.24240378122889938, 0.34723160027008776, 0.4777177582714382]
0.36336106059214296 [0.23176907494935853, 0.3288318703578663, 0.45172180958811614, 0.5783254557731262]
0.42233030735420624 [0.2967589466576637, 0.4147535449020932, 0.5334233625928426, 0.6644159351789332]
0.4077685602060288 [0.28291694800810263, 0.40091154625253206, 0.5227886563133018, 0.661883862255233]
0.4742668853071274 [0.3524645509790682, 0.47299122214719785, 0.6038149898717083, 0.7336259284267387]
0.5019477585328839 [0.40091154625253206, 0.5175557056043214, 0.6465226198514518, 0.7662052667116813]
0.5010235038256106 [0.4088453747467927, 0.5232950708980418, 0.6558068872383525, 0.7670492910195814]
0.4947106736191693 [0.41053342336259285, 0.5351114112086428, 0.6487170830519919, 0.7658676569885212]
0.5152756376716715 [0.4316340310600945, 0.5595881161377447, 0.6850101282916948, 0.7933828494260635]
0.548923938218293 [0.4660702228224173, 0.5919986495611074, 0.7103308575286968, 0.8171843349088453]
0.5508570545980493 [0.4804186360567184, 0.6070222822417286, 0.7179270762997975, 0.8116137744767049]
0.5626118902762516 [0.49155975692099935, 0.6195138419986496, 0.736664415935179, 0.8352464550979068]
0.5649794358782713 [0.50033760972316, 0.62491559756921, 0.7429101958136395, 0.837778528021607]
0.581650559383079 [0.5182309250506415, 0.6455097906819717, 0.7560769750168805, 0.8428426738690075]
0.5839858189266597 [0.5183997299122215, 0.6441593517893315, 0.7520256583389602, 0.8465563808237677]
0.5788399080310146 [0.5097906819716408, 0.6404456448345712, 0.7484807562457799, 0.8389601620526671]
0.5798548094434967 [0.5062457798784605, 0.636563133018231, 0.7545577312626603, 0.8428426738690075]
0.5888111335070851 [0.5189061444969615, 0.6451721809588116, 0.7491559756920999, 0.8431802835921675]
0.5856950057618986 [0.5126603646185011, 0.6424713031735314, 0.761985145172181, 0.8558406482106685]
0.5844035277731722 [0.5241390952059419, 0.6531060094530723, 0.761647535449021, 0.8435178933153274]
0.5956082061729816 [0.5270087778528022, 0.6524307900067522, 0.763335584064821, 0.8528021607022283]
0.6026456578426855 [0.5327481431465226, 0.662221471978393, 0.7738014854827819, 0.861748818365969]
0.595251094723175 [0.5298784604996624, 0.6610398379473329, 0.7746455097906819, 0.862930452397029]
0.5944105889111923 [0.5280216070222823, 0.6551316677920324, 0.7665428764348413, 0.8568534773801485]
0.5962352914909302 [0.5420324105334233, 0.6639095205941931, 0.7732950708980418, 0.8659689399054693]
0.5731101744355606 [0.513166779203241, 0.6355503038487509, 0.7471303173531397, 0.8411546252532073]
0.6044036208158942 [0.5401755570560433, 0.6748818365968939, 0.7770087778528022, 0.8622552329507089]
0.5859805027818837 [0.5339297771775827, 0.6580013504388926, 0.7677245104659014, 0.8534773801485482]
0.6069463703294786 [0.5452397029034436, 0.6698176907494936, 0.7829169480081026, 0.8701890614449697]
0.6027166083319916 [0.5384875084402431, 0.6632343011478731, 0.7790344361917623, 0.8730587440918298]
0.6050199080179195 [0.5406819716407832, 0.6661039837947332, 0.7815665091154625, 0.8710330857528696]
0.6057218792794602 [0.5469277515192438, 0.6708305199189737, 0.7862930452397029, 0.8705266711681297]
0.605321841837883 [0.5467589466576638, 0.6703241053342336, 0.7847738014854828, 0.8757596218771101]
0.6142786916525755 [0.5521607022282242, 0.6770762997974341, 0.7862930452397029, 0.8728899392302498]
0.6009239657848341 [0.5469277515192438, 0.6713369345037137, 0.7834233625928426, 0.8712018906144497]
0.6110022553723966 [0.5433828494260635, 0.674375422012154, 0.7817353139770425, 0.8693450371370696]
0.6092778355481903 [0.5435516542876435, 0.6716745442268738, 0.7839297771775827, 0.8717083051991897]
0.6085786306447835 [0.548953409858204, 0.6787643484132343, 0.7849426063470628, 0.87542201215395]
0.6122549113448379 [0.550979068197164, 0.675388251181634, 0.7915259959486833, 0.8772788656313302]
0.6080059557368741 [0.5513166779203241, 0.6770762997974341, 0.7847738014854828, 0.8755908170155301]
0.6082903090738638 [0.5573936529372046, 0.6836596893990546, 0.7954085077650236, 0.87474679270763]
0.6143956257101011 [0.5535111411208643, 0.6816340310600946, 0.7895003376097232, 0.8735651586765699]
0.616530855220764 [0.5616137744767049, 0.6802835921674544, 0.7957461174881837, 0.8739027683997299]
0.6196599526955497 [0.5573936529372046, 0.6826468602295747, 0.7901755570560433, 0.87474679270763]
0.6085445517351734 [0.5590817015530047, 0.6826468602295747, 0.7889939230249832, 0.8774476704929102]
0.6158755569476776 [0.5530047265361242, 0.6823092505064146, 0.787137069547603, 0.8755908170155301]
0.6151528658169835 [0.5606009453072248, 0.6829844699527347, 0.7922012153950033, 0.8762660364618501]
0.6134095074776038 [0.5611073598919649, 0.6811276164753545, 0.7910195813639432, 0.8759284267386901]
0.6108571398305161 [0.5516542876434841, 0.6785955435516543, 0.7905131667792032, 0.8718771100607697]
0.6044614070018234 [0.5560432140445645, 0.6829844699527347, 0.787643484132343, 0.8735651586765699]
0.6080121253243708 [0.5460837272113437, 0.6807900067521945, 0.7883187035786631, 0.8772788656313302]
0.618160676455653 [0.5563808237677245, 0.6823092505064146, 0.7920324105334233, 0.8723835246455098]
0.6096920691230294 [0.5523295070898042, 0.6801147873058744, 0.7896691424713032, 0.8727211343686698]
0.6164140782883466 [0.5523295070898042, 0.6831532748143146, 0.7922012153950033, 0.8723835246455098]
0.6094630469735633 [0.5563808237677245, 0.6831532748143146, 0.7889939230249832, 0.87542201215395]
0.6108341031186211 [0.5546927751519244, 0.6819716407832546, 0.7879810938555031, 0.8786293045239703]
0.6135077127778569 [0.5536799459824443, 0.6839972991222147, 0.7925388251181634, 0.8799797434166104]
0.6198624164722926 [0.5609385550303849, 0.6850101282916948, 0.7933828494260635, 0.8760972316002701]
0.6153629024850911 [0.5666779203241054, 0.6868669817690749, 0.7916948008102633, 0.8760972316002701]
0.6220919943887459 [0.5600945307224848, 0.687035786630655, 0.7977717758271439, 0.8767724510465902]
0.6113153158523971 [0.5545239702903444, 0.6848413234301148, 0.7930452397029034, 0.8744091829844699]
0.6182615969480199 [0.5543551654287644, 0.6868669817690749, 0.7945644834571236, 0.8772788656313302]
0.6114876593798397 [0.5572248480756246, 0.6819716407832546, 0.7940580688723835, 0.8744091829844699]
0.6093738571859033 [0.5565496286293046, 0.6797771775827144, 0.7920324105334233, 0.8772788656313302]
0.6211252303419731 [0.5543551654287644, 0.6807900067521945, 0.7957461174881837, 0.8787981093855503]
0.6154330687377878 [0.5562120189061445, 0.6770762997974341, 0.787643484132343, 0.8757596218771101]
0.6094418405081679 [0.5599257258609048, 0.6799459824442944, 0.7925388251181634, 0.8791357191087104]
0.6182211796282094 [0.550810263335584, 0.6797771775827144, 0.7928764348413234, 0.8786293045239703]


