0.6071910871033086_cub_1638443106.267104
{'mode': 'train', 'application': 'DML', 'output_paht': '.', 'models': {'encoder_params': {'pretrained_path': 'no', 'net_type': 'resnet18', 'neck': 0, 'last_stride': 0, 'red': 4, 'bn_inception': {'embed': 1, 'sz_embedding': 512}}, 'gnn_params': {'pretrained_path': 'no', 'red': 1, 'cat': 0, 'every': 0, 'gnn': {'num_layers': 1, 'aggregator': 'add', 'num_heads': 2, 'attention': 'dot', 'mlp': 1, 'dropout_mlp': 0.1, 'norm1': 1, 'norm2': 1, 'res1': 1, 'res2': 1, 'dropout_1': 0.1, 'dropout_2': 0.1, 'mult_attr': 0}, 'classifier': {'neck': 1, 'num_classes': 100, 'dropout_p': 0.4, 'use_batchnorm': 0}}}, 'graph_params': {'sim_type': 'correlation', 'thresh': 'no', 'set_negative': 'hard'}, 'dataset': {'dataset_path': '/storage/remote/atcremers62/w0013/CUB_200_2011/CUB_200_2011/', 'dataset_short': 'cub', 'num_classes': 100, 'number_aug': 2, 'magnitude': 27, 'trans': 'GL_orig_RE', 'sampling': 'no', 'bssampling': 'NumberSampler', 'val': 0, 'nb_workers': 4}, 'train_params': {'num_classes_iter': 6, 'num_elements_class': 9, 'lr': 0.0001563663718906821, 'weight_decay': 6.059722614369727e-06, 'num_epochs': 70, 'is_apex': 'from yaml', 'temperatur': 0.2, 'output_train_enc': 'plain', 'output_train_gnn': 'plain', 'loss_fn': {'fns': 'lsgnn_lsce', 'scaling_ce': 1, 'scaling_gnn': 1, 'scaling_distance': 0.01, 'scaling_center': 0.5, 'scaling_triplet': 1, 'scaling_of': 1, 'scaling_of_pre': 1, 'scaling_distill': 1, 'soft_temp': 1, 'feats': 'no', 'preds': 'no'}}, 'eval_params': {'cat': 0, 'output_test_enc': 'plain', 'output_test_gnn': 'plain'}}
0.3870364582609976 [0.24088453747467928, 0.3484132343011479, 0.47602970965563807, 0.599426063470628]
0.2997085382514955 [0.15361242403781228, 0.22721134368669818, 0.33085752869682644, 0.4523970290344362]
0.36574623111789684 [0.21674544226873735, 0.3154962862930452, 0.4296083727211344, 0.5675219446320054]
0.4680018590757316 [0.35820391627278864, 0.4726536124240378, 0.6011141120864281, 0.7236664415935179]
0.4896114772091342 [0.39415935178933154, 0.5173869007427414, 0.6438217420661715, 0.7577650236326806]
0.5204296326159265 [0.44783929777177583, 0.5708980418636057, 0.687879810938555, 0.7915259959486833]
0.5468820161602962 [0.487508440243079, 0.6098919648885888, 0.7170830519918974, 0.8200540175557056]
0.5626588996195114 [0.4930790006752194, 0.612424037812289, 0.7234976367319379, 0.8229237002025659]
0.5827041404022489 [0.5175557056043214, 0.6377447670492911, 0.7538825118163404, 0.8441931127616475]
0.5867893093372893 [0.5391627278865632, 0.6593517893315327, 0.7648548278190412, 0.8549966239027684]
0.5900918355099097 [0.5322417285617825, 0.6563133018230926, 0.7611411208642809, 0.8487508440243079]
0.6004883407988688 [0.5619513841998649, 0.6812964213369345, 0.7802160702228225, 0.8603983794733289]
0.608548445267791 [0.5572248480756246, 0.675725860904794, 0.7835921674544227, 0.8673193787981094]
0.6131730840909788 [0.5719108710330858, 0.6905806887238353, 0.7925388251181634, 0.8701890614449697]
0.6128568090025779 [0.562288993923025, 0.6899054692775152, 0.7918636056718433, 0.8705266711681297]
0.5876344629667221 [0.5437204591492235, 0.6650911546252533, 0.7672180958811614, 0.849932478055368]
0.6154396860560022 [0.5666779203241054, 0.6882174206617151, 0.7967589466576638, 0.87457798784605]
0.6157322066618026 [0.5670155300472653, 0.6951384199864956, 0.7938892640108035, 0.8739027683997299]
0.6213401690666652 [0.5710668467251857, 0.6856853477380148, 0.7908507765023632, 0.8735651586765699]
0.6180175540394712 [0.5764686022957461, 0.6958136394328157, 0.7959149223497637, 0.8769412559081702]
0.6280904274486934 [0.5801823092505064, 0.6981769074949359, 0.8026671168129642, 0.8787981093855503]
0.6245191742022149 [0.5703916272788656, 0.6948008102633356, 0.7947332883187036, 0.8737339635381499]
0.6330934380824598 [0.5656650911546253, 0.7003713706954761, 0.8014854827819041, 0.8755908170155301]
0.6282127598623083 [0.5810263335584065, 0.7032410533423362, 0.8040175557056043, 0.8791357191087104]
0.6307676918562292 [0.5847400405131667, 0.7022282241728561, 0.8055367994598245, 0.8848750844024308]
0.6250401933267755 [0.5705604321404456, 0.6964888588791357, 0.799122214719784, 0.8732275489534098]
0.6259534218181094 [0.5795070898041864, 0.6971640783254558, 0.798953409858204, 0.8782916948008103]
0.6400992775465818 [0.574442943956786, 0.6927751519243754, 0.7930452397029034, 0.8764348413234301]
0.627093835120261 [0.5773126266036462, 0.6948008102633356, 0.7930452397029034, 0.8700202565833896]
0.6367953341960481 [0.5946995273463875, 0.7072923700202566, 0.8065496286293046, 0.8835246455097907]
0.6421652047725412 [0.5935178933153274, 0.7049291019581364, 0.8040175557056043, 0.8863943281566509]
0.6422914563117318 [0.5899729912221472, 0.7025658338960162, 0.8095881161377447, 0.8863943281566509]
0.6407119216802029 [0.587272113436867, 0.699864956110736, 0.8053679945982444, 0.8860567184334909]
0.6459930175313915 [0.5844024307900068, 0.7054355165428764, 0.8092505064145847, 0.888588791357191]
0.6434310074864515 [0.6004388926401081, 0.713031735313977, 0.8097569209993247, 0.887069547602971]
0.6439801612833511 [0.6055030384875084, 0.7272113436866982, 0.8134706279540851, 0.8921336934503714]
0.6432093992083215 [0.5904794058068873, 0.7088116137744767, 0.8112761647535449, 0.8921336934503714]
0.6382090378109971 [0.5882849426063471, 0.7096556380823767, 0.8138082376772451, 0.888082376772451]
0.6372485143228308 [0.5882849426063471, 0.7098244429439567, 0.8092505064145847, 0.888251181634031]
0.6418780866557382 [0.5901417960837272, 0.7191087103308575, 0.812120189061445, 0.888419986495611]
0.6355611084386761 [0.5811951384199865, 0.7040850776502363, 0.8116137744767049, 0.8845374746792708]
0.6370129011605062 [0.5850776502363269, 0.7064483457123565, 0.8082376772451046, 0.8840310600945307]
0.6438603558201044 [0.5849088453747467, 0.7104996623902768, 0.8102633355840648, 0.8899392302498312]
0.6415336249697233 [0.5945307224848075, 0.7170830519918974, 0.8084064821066846, 0.8841998649561107]
0.6439331033835621 [0.6071910871033086, 0.7223160027008778, 0.812457798784605, 0.8911208642808913]
0.6413883415088729 [0.5921674544226874, 0.7192775151924375, 0.812626603646185, 0.887238352464551]
0.6496223814423794 [0.5899729912221472, 0.7111748818365969, 0.8171843349088453, 0.8857191087103309]
0.6370535549342169 [0.5869345037137069, 0.7077987846049967, 0.8065496286293046, 0.8833558406482107]
0.6406668098670533 [0.5989196488858879, 0.7231600270087779, 0.8119513841998649, 0.8897704253882511]
0.6476075401413964 [0.5906482106684673, 0.7160702228224173, 0.8131330182309251, 0.8889264010803511]
0.6435550966278056 [0.5830519918973667, 0.7057731262660365, 0.8094193112761647, 0.8853814989871708]
0.6431777188917187 [0.5889601620526671, 0.7088116137744767, 0.8057056043214045, 0.888251181634031]
0.64246784483568 [0.5864280891289669, 0.712187711006077, 0.8084064821066846, 0.8857191087103309]
0.6546055249799292 [0.5909858203916273, 0.7116812964213369, 0.8092505064145847, 0.8858879135719109]
0.6400176928432699 [0.5906482106684673, 0.7099932478055369, 0.8075624577987845, 0.8863943281566509]
0.640596575934276 [0.587778528021607, 0.7074611748818366, 0.8075624577987845, 0.8845374746792708]
0.6459521793447655 [0.5968939905469277, 0.713031735313977, 0.8109385550303849, 0.8926401080351114]
0.6461840215463763 [0.5860904794058069, 0.7050979068197164, 0.8058744091829845, 0.8892640108035111]
0.6390730503458908 [0.5818703578663066, 0.7049291019581364, 0.8045239702903444, 0.8857191087103309]
0.6378319871652735 [0.587440918298447, 0.7056043214044565, 0.8038487508440243, 0.886563133018231]
0.6472149506327994 [0.5845712356515868, 0.7110060769750168, 0.8077312626603647, 0.8863943281566509]
0.6504533911315341 [0.6055030384875084, 0.725016880486158, 0.8175219446320054, 0.8897704253882511]
0.6419278477293815 [0.5923362592842674, 0.712694125590817, 0.8119513841998649, 0.886563133018231]
0.6428573571358612 [0.6004388926401081, 0.7218095881161377, 0.8131330182309251, 0.8901080351114112]
0.6501556623130036 [0.5887913571910871, 0.7169142471303174, 0.8117825793382849, 0.8889264010803511]
0.6558485489691606 [0.6033085752869682, 0.7175894665766374, 0.8187035786630655, 0.8924713031735314]
0.6466415242676703 [0.5946995273463875, 0.7120189061444969, 0.8116137744767049, 0.8892640108035111]
0.6527231732727045 [0.6065158676569885, 0.7211343686698177, 0.8168467251856854, 0.8904456448345712]
0.6483775855750942 [0.5908170155300473, 0.7062795408507765, 0.8067184334908846, 0.8863943281566509]
0.6489819197423538 [0.5884537474679271, 0.7098244429439567, 0.8092505064145847, 0.8887575962187712]


