0.821916123478047_cars_1638891526.0784268
{'mode': 'train', 'application': 'DML', 'output_paht': '.', 'models': {'encoder_params': {'pretrained_path': 'no', 'net_type': 'resnet18', 'neck': 0, 'last_stride': 0, 'red': 4, 'bn_inception': {'embed': 1, 'sz_embedding': 512}}, 'gnn_params': {'pretrained_path': 'no', 'red': 1, 'cat': 1, 'every': 0, 'gnn': {'num_layers': 2, 'aggregator': 'add', 'num_heads': 8, 'attention': 'dot', 'mlp': 1, 'dropout_mlp': 0.1, 'norm1': 0, 'norm2': 0, 'res1': 1, 'res2': 1, 'dropout_1': 0.1, 'dropout_2': 0.1, 'mult_attr': 0}, 'classifier': {'neck': 1, 'num_classes': 98, 'dropout_p': 0.4, 'use_batchnorm': 0}}}, 'graph_params': {'sim_type': 'correlation', 'thresh': 'no', 'set_negative': 'hard'}, 'dataset': {'dataset_path': '/gdrive/MyDrive/DML/data/CARS/', 'dataset_short': 'cars', 'num_classes': 98, 'trans': 'GL_orig_RE', 'number_aug': 2, 'magnitude': 27, 'sampling': 'no', 'bssampling': 'no', 'val': 0, 'nb_workers': 4}, 'train_params': {'num_classes_iter': 10, 'num_elements_class': 7, 'lr': 0.00036683239911604993, 'weight_decay': 2.551918610962277e-09, 'num_epochs': 70, 'is_apex': '1', 'temperatur': 0.1111111111111, 'output_train_enc': 'plain', 'output_train_gnn': 'plain', 'loss_fn': {'fns': 'lsce_lsgnn', 'scaling_ce': 1, 'scaling_gnn': 1, 'scaling_distance': 0.01, 'scaling_center': 0.5, 'scaling_triplet': 1, 'scaling_of': 1, 'scaling_of_pre': 1, 'scaling_distill': 1, 'soft_temp': 10, 'preds': 'no', 'feats': 'no'}}, 'eval_params': {'output_test_enc': 'plain', 'output_test_gnn': 'plain', 'cat': 0}}
0.24330217386443975 [0.20169720821547166, 0.27794859180912557, 0.36625261345467963, 0.4770630918706186]
0.26406790889484294 [0.23416553929405978, 0.3221006026319026, 0.42848358135530684, 0.5448284343869143]
0.28754282936726216 [0.26995449514204894, 0.3637928914032714, 0.47620218915262574, 0.5908252367482475]
0.32613181896013055 [0.33329233796580987, 0.4495142048948469, 0.5584798917722298, 0.6770384946501046]
0.347542237014878 [0.3762144877628828, 0.48554913294797686, 0.6006641249538802, 0.7068011314721436]
0.3507486605028094 [0.38740622309679007, 0.49698684048702496, 0.6103800270569426, 0.7124584921903825]
0.4028779131598559 [0.48628704956339935, 0.6034928053129996, 0.7054482843438692, 0.7948591809125569]
0.44127746532197293 [0.5635223219776165, 0.6748247448038371, 0.7723527241421719, 0.8430697331201574]
0.4707353787470987 [0.6007871110564507, 0.7133193949083754, 0.8029762636822039, 0.8704956339933587]
0.49540289285140854 [0.621325790185709, 0.7272168244988316, 0.8157668183495265, 0.8791046611732874]
0.5191744643658183 [0.6739638420858443, 0.7695240437830525, 0.8425777887098758, 0.8981675070717009]
0.5306085881159224 [0.6765465502398229, 0.7732136268601648, 0.8438076497355799, 0.8930020907637437]
0.5315328142941338 [0.7038494650104539, 0.7915385561431558, 0.8596728569671627, 0.9097282007133194]
0.5646070308824195 [0.7136883532160866, 0.8066658467593162, 0.8693887590702251, 0.9128028532775796]
0.5626180882119517 [0.7377936293198869, 0.8247448038371664, 0.8834091747632518, 0.9242405608166278]
0.5867357238444011 [0.7527979338334768, 0.8398720944533268, 0.8981675070717009, 0.9412126429713442]
0.5762841015305518 [0.7462796703972451, 0.8321239699913909, 0.8900504243020538, 0.9286680605091625]
0.5532594457872566 [0.7336121018324929, 0.8104784159389989, 0.8703726478907884, 0.910835075636453]
0.5644933457286543 [0.7568564752183004, 0.8434386914278686, 0.900012298610257, 0.9358012544582462]
0.5842072209947583 [0.7738285573730168, 0.8589349403517402, 0.9124338949698684, 0.951666461689829]
0.568438385544632 [0.7529209199360473, 0.8391341778379043, 0.8933710490714549, 0.9342024351248309]
0.5647002500376082 [0.7460336981921043, 0.8290493174271307, 0.8877136883532161, 0.9274381994834584]
0.5589465479486873 [0.7478784897306604, 0.8313860533759685, 0.8875907022506456, 0.9278071577911696]
0.5963347643015787 [0.7657114746033699, 0.847743205017833, 0.9040708399950805, 0.9424425039970483]
0.5551124691574286 [0.728200713319395, 0.817734595990653, 0.8800885499938507, 0.9241175747140573]
0.5751478829162963 [0.7682941827573484, 0.8487270938383963, 0.8995203541999754, 0.93395646291969]
0.5755771643920402 [0.7638666830648136, 0.8462673717869881, 0.8986594514819826, 0.9334645185094085]
0.5912840296375516 [0.7728446685524536, 0.8527856352232198, 0.9078834091747633, 0.9451481982535973]
0.5889268504953065 [0.7679252244496372, 0.8527856352232198, 0.904193826097651, 0.9426884762021892]
0.5839650784322785 [0.7856352232197762, 0.862747509531423, 0.9167384085598327, 0.9514204894846883]
0.610991276518593 [0.791907514450867, 0.8679129258393802, 0.919813061124093, 0.9479768786127167]
0.610657482565287 [0.8011314721436478, 0.8748001475833231, 0.9259623662526134, 0.9560939613823638]
0.6147386110576589 [0.8029762636822039, 0.874185217070471, 0.9236256303037756, 0.9546181281515189]
0.5964895303619729 [0.7933833476817119, 0.8649612593776903, 0.9146476448161358, 0.9489607674332801]
0.6008732876373233 [0.7953511253228385, 0.8706186200959292, 0.9196900750215226, 0.952281392202681]
0.6121245505792792 [0.7983027917845283, 0.8745541753781823, 0.9238716025089165, 0.9536342393309556]
0.6239225665016324 [0.8032222358873448, 0.878366744557865, 0.9292829910220145, 0.9581847251260608]
0.6225710710288694 [0.8021153609642111, 0.8739392448653303, 0.9249784774320502, 0.9541261837412373]
0.6201777683827456 [0.809002582708154, 0.8777518140450129, 0.927315213380888, 0.9572008363054975]
0.6248259403512254 [0.8043291108104784, 0.8746771614807527, 0.9254704218423319, 0.9547411142540893]
0.6070617134068707 [0.7995326528102324, 0.8708645923010699, 0.9233796580986349, 0.9506825728692657]
0.6195621570583105 [0.8085106382978723, 0.881072438814414, 0.9311277825605706, 0.9581847251260608]
0.6060841041389866 [0.8065428606567457, 0.8797195916861394, 0.9251014635346206, 0.9549870864592301]
0.6258410092562731 [0.809002582708154, 0.8793506333784282, 0.926700282868036, 0.953757225433526]
0.6129929922404369 [0.8032222358873448, 0.8745541753781823, 0.9236256303037756, 0.9527733366129627]
0.6158657276218671 [0.8147829295289633, 0.8872217439429344, 0.9329725740991268, 0.959168613946624]
0.6198698490199925 [0.8039601525027672, 0.8779977862501537, 0.9254704218423319, 0.9532652810232444]
0.6104206786267579 [0.7990407083999508, 0.8752920919936047, 0.9190751445086706, 0.949821670151273]
0.6061698790168729 [0.8044520969130489, 0.8746771614807527, 0.9222727831755012, 0.951051531176977]
0.6113879308323582 [0.8126921657852663, 0.884393063583815, 0.9290370188168737, 0.9584306973312016]
0.6273143834876457 [0.8097404993235764, 0.888574591071209, 0.9335875046119788, 0.9568318779977862]
0.61543014615172 [0.8046980691181896, 0.8835321608658222, 0.9285450744065921, 0.9541261837412373]
0.6134503047577202 [0.8162587627598081, 0.8862378551223712, 0.9305128520477186, 0.9581847251260608]
0.6276347440350152 [0.8119542491698438, 0.8848850079940966, 0.9285450744065921, 0.9574468085106383]
0.6224080139882993 [0.812938137990407, 0.8877136883532161, 0.9307588242528594, 0.9578157668183496]
0.6124212949673469 [0.8114623047595622, 0.8798425777887099, 0.9262083384577543, 0.9552330586643709]
0.6213877518175537 [0.808387652195302, 0.8835321608658222, 0.9296519493297257, 0.9563399335875046]
0.6131733911346141 [0.8131841101955479, 0.8856229246095191, 0.9310047964580003, 0.9599065305620464]
0.6183228050014113 [0.8109703603492805, 0.8818103554298364, 0.9274381994834584, 0.958553683433772]
0.6093580251489604 [0.8091255688107244, 0.88586889681466, 0.9316197269708523, 0.9601525027671873]
0.61384619477294 [0.8108473742467102, 0.881687369327266, 0.927315213380888, 0.9530193088181036]
0.6222927492394497 [0.815028901734104, 0.8901734104046243, 0.9350633378428238, 0.9613823637928914]
0.6185652816785698 [0.804206124707908, 0.8782437584552946, 0.9260853523551839, 0.9526503505103924]
0.6270510291339165 [0.8172426515803715, 0.8916492436354692, 0.9353093100479646, 0.9621202804083139]
0.6256097365365308 [0.8137990407083999, 0.8877136883532161, 0.9344484073299717, 0.9602754888697577]
0.6289143846051741 [0.8133070962981183, 0.8850079940966671, 0.9274381994834584, 0.954372155946378]
0.6191976777497858 [0.8174886237855122, 0.8851309801992375, 0.9308818103554298, 0.9600295166646169]
0.6286999968294718 [0.821916123478047, 0.8917722297380396, 0.9334645185094085, 0.9601525027671873]
0.6174938870777542 [0.8077727216824498, 0.8827942442503997, 0.925224449637191, 0.9530193088181036]
0.6237142339994046 [0.8173656376829418, 0.8893125076866314, 0.93395646291969, 0.961259377690321]


