0.8671750092239577_cars_1638467156.2670877
{'mode': 'train', 'application': 'DML', 'output_paht': '.', 'models': {'encoder_params': {'pretrained_path': 'no', 'net_type': 'resnet50', 'neck': 0, 'last_stride': 0, 'red': 4, 'bn_inception': {'embed': 1, 'sz_embedding': 512}}, 'gnn_params': {'pretrained_path': 'no', 'red': 1, 'cat': 1, 'every': 0, 'gnn': {'num_layers': 2, 'aggregator': 'add', 'num_heads': 8, 'attention': 'dot', 'mlp': 1, 'dropout_mlp': 0.1, 'norm1': 1, 'norm2': 1, 'res1': 1, 'res2': 1, 'dropout_1': 0.1, 'dropout_2': 0.1, 'mult_attr': 0}, 'classifier': {'neck': 1, 'num_classes': 98, 'dropout_p': 0.4, 'use_batchnorm': 0}}}, 'graph_params': {'sim_type': 'correlation', 'thresh': 'no', 'set_negative': 'hard'}, 'dataset': {'dataset_path': '/gdrive/Othercomputers/My MacBook Pro (1)/data/CARS/', 'dataset_short': 'cars', 'num_classes': 98, 'trans': 'GL_orig_RE', 'number_aug': 2, 'magnitude': 27, 'sampling': 'no', 'bssampling': 'no', 'val': 0, 'nb_workers': 4}, 'train_params': {'num_classes_iter': 10, 'num_elements_class': 7, 'lr': 0.00036683239911604993, 'weight_decay': 2.551918610962277e-09, 'num_epochs': 70, 'is_apex': '1', 'temperatur': 0.1111111111111, 'output_train_enc': 'plain', 'output_train_gnn': 'plain', 'loss_fn': {'fns': 'lsce_lsgnn', 'scaling_ce': 1, 'scaling_gnn': 1, 'scaling_distance': 0.01, 'scaling_center': 0.5, 'scaling_triplet': 1, 'scaling_of': 1, 'scaling_of_pre': 1, 'scaling_distill': 1, 'soft_temp': 10, 'preds': 'no', 'feats': 'no'}}, 'eval_params': {'output_test_enc': 'plain', 'output_test_gnn': 'plain', 'cat': 0}}
0.30222705104885533 [0.2994711597589472, 0.40536219407206986, 0.5128520477186078, 0.634239330955602]
0.40624779087080665 [0.49182142417906777, 0.6122248185954987, 0.718607797318903, 0.8046980691181896]
0.46311667206370044 [0.5989423195178945, 0.7091378674209814, 0.7932603615791416, 0.8600418152748739]
0.5350110311463818 [0.7091378674209814, 0.8029762636822039, 0.8691427868650843, 0.9169843807649736]
0.573367510592786 [0.7483704341409421, 0.8304021645554053, 0.892510146353462, 0.9330955602016973]
0.6086641917519697 [0.7803468208092486, 0.860656745787726, 0.9104661173287418, 0.9458861148690199]
0.6343227577408489 [0.8082646660927315, 0.8779977862501537, 0.922518755380642, 0.9533882671258148]
0.6291686200895185 [0.794613208707416, 0.8688968146599434, 0.9136637559955725, 0.9445332677407453]
0.6477581797309669 [0.8252367482474481, 0.8877136883532161, 0.930635838150289, 0.9584306973312016]
0.6328310765410392 [0.8060509162464642, 0.8746771614807527, 0.9155085475341287, 0.9469929897921535]
0.6400371316526857 [0.8053129996310416, 0.8752920919936047, 0.9211659082523674, 0.9535112532283851]
0.6509152589120536 [0.8230229984011806, 0.8851309801992375, 0.9303898659451482, 0.9563399335875046]
0.6666624265558033 [0.8329848727093838, 0.8960767433280039, 0.9361702127659575, 0.9627352109211659]
0.6517515587102883 [0.8185954987086459, 0.8834091747632518, 0.9260853523551839, 0.9544951420489485]
0.67324335078479 [0.8382732751199115, 0.9045627844053622, 0.9442872955356045, 0.9685155577419752]
0.6854842355849528 [0.8350756364530808, 0.9005042430205387, 0.9398597958430698, 0.9632271553314475]
0.684979740317668 [0.8399950805558972, 0.9030869511745173, 0.9467470175870126, 0.9691304882548272]
0.6784962706228517 [0.8447915385561432, 0.901488131841102, 0.9403517402533513, 0.9661788217931374]
0.6533894111776026 [0.8296642479399828, 0.888574591071209, 0.9310047964580003, 0.9584306973312016]
0.6645789187623469 [0.8238839011191735, 0.8915262575328988, 0.93395646291969, 0.9626122248185955]
0.6422004170687363 [0.8163817488623786, 0.8878366744557865, 0.9318656991759932, 0.9603984749723281]
0.6729442986473296 [0.8289263313245603, 0.8934940351740254, 0.9342024351248309, 0.9589226417414832]
0.6791611981426046 [0.8350756364530808, 0.8991513958922642, 0.940843684663633, 0.9665477801008486]
0.6746792881080251 [0.8320009838888206, 0.8977985487639897, 0.9378920182019432, 0.9651949329725741]
0.6400266433013132 [0.8043291108104784, 0.8745541753781823, 0.92190382486779, 0.9525273644078219]
0.6901027619516568 [0.8393801500430451, 0.9023490345590949, 0.9445332677407453, 0.968146599434264]
0.6288288542026677 [0.7958430697331201, 0.872094453326774, 0.9205509777395154, 0.9509285450744066]
0.6518235012106078 [0.812323207477555, 0.8853769524043783, 0.9284220883040216, 0.9586766695363423]
0.6533289870437935 [0.8236379289140328, 0.896691673840856, 0.9388759070225065, 0.9664247939982782]
0.6786217725570436 [0.8268355675808634, 0.8939859795843069, 0.9346943795351126, 0.9597835444594761]
0.6957523421277741 [0.8461443856844176, 0.9037018816873693, 0.9420735456893371, 0.9649489607674333]
0.6859618144759995 [0.8445455663510023, 0.9030869511745173, 0.9405977124584922, 0.9644570163571516]
0.6919336159927457 [0.8412249415816013, 0.9009961874308203, 0.9385069487147952, 0.9615053498954618]
0.6873100027914276 [0.8413479276841717, 0.9023490345590949, 0.9393678514327881, 0.9638420858442996]
0.6991586858956428 [0.8509408436846636, 0.9078834091747633, 0.9442872955356045, 0.966670766203419]
0.6922080226639523 [0.8545074406592055, 0.9121879227647276, 0.9455171565613085, 0.9679006272291231]
0.6813787625648301 [0.842331816504735, 0.9017341040462428, 0.9386299348173657, 0.9621202804083139]
0.6963483612166621 [0.8548763989669167, 0.9140327143032837, 0.9457631287664494, 0.9686385438445456]
0.6998160646795629 [0.8553683433771984, 0.9099741729184602, 0.9451481982535973, 0.9680236133316935]
0.7033963642103075 [0.8554913294797688, 0.915016603123847, 0.947730906407576, 0.9704833353831017]
0.692533187842286 [0.853769524043783, 0.9121879227647276, 0.9455171565613085, 0.9701143770753905]
0.6858965442438668 [0.8574591071208953, 0.9116959783544459, 0.9457631287664494, 0.9706063214856722]
0.6894490910456954 [0.8580740376337473, 0.912310908867298, 0.9463780592793014, 0.9686385438445456]
0.6962361356775698 [0.8572131349157546, 0.9131718115852908, 0.9455171565613085, 0.9685155577419752]
0.6934775760914115 [0.8540154962489239, 0.9113270200467347, 0.945025212151027, 0.9665477801008486]
0.7121325423065382 [0.8645923010699791, 0.9167384085598327, 0.9493297257409913, 0.9694994465625384]
0.6960869303350773 [0.8590579264543107, 0.9114500061493052, 0.9436723650227524, 0.9670397245111303]
0.7022701602570609 [0.8626245234288525, 0.9153855614315582, 0.9468700036895831, 0.9682695855368343]
0.7037292589792657 [0.8638543844545566, 0.9161234780469807, 0.9485918091255688, 0.9686385438445456]
0.6898764012705856 [0.8609027179928668, 0.9147706309187061, 0.9492067396384208, 0.9694994465625384]
0.7093604190966526 [0.8621325790185709, 0.9173533390726848, 0.9479768786127167, 0.9714672242036649]
0.7052536193337282 [0.8583200098388882, 0.9153855614315582, 0.9461320870741606, 0.9682695855368343]
0.7034437705145385 [0.8599188291723036, 0.9152625753289878, 0.947730906407576, 0.9702373631779609]
0.6919240356287816 [0.8561062599926208, 0.9126798671750093, 0.9472389619972943, 0.9670397245111303]
0.720003277948558 [0.8589349403517402, 0.9175993112778256, 0.9508055589718362, 0.9713442381010946]
0.7115288423656401 [0.8661911204033944, 0.918337227893248, 0.9500676423564137, 0.9709752797933834]
0.717103415392426 [0.8615176485057189, 0.9168613946624031, 0.9505595867666954, 0.9704833353831017]
0.6979124673907046 [0.8578280654286066, 0.9121879227647276, 0.9472389619972943, 0.9686385438445456]
0.7096506423529912 [0.8611486901980077, 0.9178452834829665, 0.9473619480998647, 0.9703603492805313]
0.712694570442498 [0.8632394539417045, 0.9174763251752552, 0.951666461689829, 0.9693764604599681]
0.6895181529630913 [0.8596728569671627, 0.9167384085598327, 0.9472389619972943, 0.9696224326651088]
0.7028550407614499 [0.8613946624031484, 0.9125568810724388, 0.9453941704587382, 0.9677776411265527]
0.6995125332326209 [0.8634854261468454, 0.9193211167138113, 0.9490837535358504, 0.9675316689214118]
0.7147446697154722 [0.8658221620956832, 0.9185832000983889, 0.9503136145615545, 0.9706063214856722]
0.7020172034992291 [0.8584429959414586, 0.9119419505595867, 0.940843684663633, 0.966055835690567]
0.7133442221011354 [0.8666830648136761, 0.9155085475341287, 0.948345836920428, 0.9667937523059894]
0.7098107757024517 [0.8671750092239577, 0.9191981306112409, 0.9520354199975403, 0.9729430574345099]
0.6950627859415542 [0.8597958430697331, 0.910835075636453, 0.9469929897921535, 0.9694994465625384]
0.698368416024054 [0.8623785512237118, 0.9178452834829665, 0.9476079203050055, 0.9707293075882425]
0.7001589447236312 [0.8644693149674086, 0.9167384085598327, 0.9473619480998647, 0.9680236133316935]


