0.6747130317353139_cub_1639595087.3261456
{'mode': 'train', 'application': 'DML', 'output_paht': '.', 'models': {'encoder_params': {'pretrained_path': 'no', 'net_type': 'resnet50', 'neck': 0, 'last_stride': 0, 'red': 4, 'bn_inception': {'embed': 1, 'sz_embedding': 512}}, 'gnn_params': {'pretrained_path': 'no', 'red': 1, 'cat': 0, 'every': 0, 'gnn': {'num_layers': 1, 'aggregator': 'add', 'num_heads': 2, 'attention': 'dot', 'mlp': 1, 'dropout_mlp': 0.1, 'norm1': 0, 'norm2': 0, 'res1': 0, 'res2': 0, 'dropout_1': 0.1, 'dropout_2': 0.1, 'mult_attr': 0}, 'classifier': {'neck': 1, 'num_classes': 100, 'dropout_p': 0.4, 'use_batchnorm': 0}}}, 'graph_params': {'sim_type': 'correlation', 'thresh': 'no', 'set_negative': 'hard'}, 'dataset': {'dataset_path': '/storage/remote/atcremers62/w0013/CUB_200_2011/CUB_200_2011/', 'dataset_short': 'cub', 'num_classes': 100, 'number_aug': 2, 'magnitude': 27, 'trans': 'GL_orig_RE', 'sampling': 'no', 'bssampling': 'NumberSampler', 'val': 0, 'nb_workers': 4}, 'train_params': {'num_classes_iter': 6, 'num_elements_class': 9, 'lr': 0.0001563663718906821, 'weight_decay': 6.059722614369727e-06, 'num_epochs': 70, 'is_apex': 0, 'temperatur': 0.2, 'output_train_enc': 'plain', 'output_train_gnn': 'plain', 'loss_fn': {'fns': 'lsgnn_lsce', 'scaling_ce': 1, 'scaling_gnn': 1, 'scaling_distance': 0.01, 'scaling_center': 0.5, 'scaling_triplet': 1, 'scaling_of': 1, 'scaling_of_pre': 1, 'scaling_distill': 1, 'soft_temp': 1, 'feats': 'no', 'preds': 'no'}}, 'eval_params': {'cat': 0, 'output_test_enc': 'plain', 'output_test_gnn': 'plain'}}
0.3736156182511489 [0.237339635381499, 0.3387913571910871, 0.4586428089128967, 0.5933490884537475]
0.5249855623177597 [0.47214719783929776, 0.5968939905469277, 0.7179270762997975, 0.8166779203241054]
0.5709858485209698 [0.5295408507765024, 0.6514179608372721, 0.7581026333558406, 0.8443619176232275]
0.4937900093499906 [0.43416610398379474, 0.5584064821066846, 0.674037812288994, 0.7739702903443619]
0.5963750573341243 [0.5882849426063471, 0.699527346387576, 0.7922012153950033, 0.8700202565833896]
0.5708875545757437 [0.5308912896691425, 0.6490546927751519, 0.7427413909520594, 0.8281566509115462]
0.6167380036953487 [0.6038149898717083, 0.7191087103308575, 0.8073936529372046, 0.8717083051991897]
0.6239512481063846 [0.6166441593517893, 0.7213031735313977, 0.8114449696151249, 0.8828494260634706]
0.6185148702259697 [0.6019581363943282, 0.7099932478055369, 0.7967589466576638, 0.8658001350438893]
0.6024373767994494 [0.5892977717758271, 0.6934503713706954, 0.7815665091154625, 0.8534773801485482]
0.6412059455815405 [0.6284604996623903, 0.7349763673193788, 0.8141458474004052, 0.887069547602971]
0.65665248625998 [0.6287981093855503, 0.7461174881836596, 0.8288318703578663, 0.8901080351114112]
0.6382294916377617 [0.6227211343686698, 0.7255232950708981, 0.8149898717083052, 0.8799797434166104]
0.6727700688497121 [0.6473666441593517, 0.7484807562457799, 0.8371033085752869, 0.8971978392977717]
0.6632333105463813 [0.638419986495611, 0.7488183659689399, 0.8350776502363269, 0.8926401080351114]
0.6773714796777304 [0.6434841323430115, 0.7528696826468603, 0.8399729912221472, 0.8985482781904118]
0.6768139607420423 [0.6416272788656313, 0.7575962187711006, 0.838116137744767, 0.8973666441593517]
0.6635516772721016 [0.6296421336934503, 0.7429101958136395, 0.825793382849426, 0.8933153274814315]
0.6701747581007409 [0.6294733288318703, 0.7445982444294396, 0.8338960162052668, 0.8973666441593517]
0.6608405509786102 [0.6363943281566509, 0.7449358541525996, 0.8271438217420661, 0.8963538149898717]
0.6701051968278784 [0.6296421336934503, 0.7391964888588791, 0.8291694800810263, 0.8950033760972316]
0.6592895247984544 [0.6416272788656313, 0.7466239027683997, 0.8276502363268062, 0.8958474004051317]
0.6717272150847704 [0.637069547602971, 0.7478055367994598, 0.8305199189736664, 0.8968602295746118]
0.6827690584274232 [0.6448345712356516, 0.7554017555705604, 0.8382849426063471, 0.8990546927751519]
0.6569209950642794 [0.6239027683997299, 0.7331195138419987, 0.8290006752194463, 0.8948345712356516]
0.6492356133747605 [0.6090479405806887, 0.7267049291019582, 0.8175219446320054, 0.8809925725860904]
0.6756869781087324 [0.6453409858203917, 0.7572586090479406, 0.8404794058068873, 0.899729912221472]
0.6422464527838159 [0.6210330857528696, 0.7373396353814989, 0.8254557731262661, 0.886900742741391]
0.6668727600731598 [0.6352126941255908, 0.7390276839972991, 0.8222484807562458, 0.8904456448345712]
0.6532268068427971 [0.6233963538149899, 0.7371708305199189, 0.824105334233626, 0.8933153274814315]
0.6754463240710326 [0.6531060094530723, 0.7599594868332208, 0.8391289669142471, 0.8970290344361918]
0.6702413571533001 [0.6345374746792708, 0.7483119513841998, 0.8342336259284268, 0.8982106684672518]
0.6716770759128622 [0.6456785955435517, 0.7555705604321404, 0.8362592842673869, 0.8982106684672518]
0.6829407737627308 [0.6438217420661715, 0.7506752194463201, 0.837272113436867, 0.8970290344361918]
0.6732121593292275 [0.637575962187711, 0.75016880486158, 0.8357528696826468, 0.900573936529372]
0.6899594822245771 [0.6537812288993923, 0.7628291694800811, 0.8419986495611074, 0.9017555705604321]
0.6839628480234686 [0.6446657663740716, 0.7533760972316003, 0.8413234301147873, 0.9037812288993923]
0.6936476685365616 [0.6672856178257934, 0.7689061444969615, 0.8529709655638082, 0.9068197164078325]
0.6801606780594351 [0.6487170830519919, 0.7547265361242403, 0.8431802835921675, 0.9037812288993923]
0.6761187956563445 [0.6549628629304524, 0.7604659014179609, 0.8467251856853477, 0.9027683997299122]
0.6808424766556326 [0.6522619851451722, 0.7565833896016205, 0.8443619176232275, 0.9054692775151925]
0.6813823696600757 [0.6531060094530723, 0.7591154625253207, 0.8468939905469277, 0.9059756920999325]
0.6894476305427436 [0.6669480081026333, 0.7716070222822418, 0.8531397704253882, 0.9064821066846726]
0.6751294356645715 [0.6397704253882511, 0.7506752194463201, 0.8394665766374072, 0.8980418636056718]
0.6882054204508428 [0.6713369345037137, 0.7741390952059419, 0.8480756245779878, 0.9034436191762323]
0.6841455310714898 [0.6542876434841324, 0.7601282916948008, 0.8423362592842674, 0.9032748143146523]
0.6919207043464184 [0.6747130317353139, 0.7736326806212019, 0.8484132343011479, 0.9066509115462525]
0.6704528312762073 [0.6488858879135719, 0.7467927076299797, 0.8342336259284268, 0.8971978392977717]
0.6788103012731876 [0.649729912221472, 0.7511816340310601, 0.8367656988521269, 0.8978730587440918]
0.6890027560263806 [0.6666103983794733, 0.7689061444969615, 0.8460499662390277, 0.9063133018230926]
0.6804036628357484 [0.6483794733288318, 0.7557393652937204, 0.8386225523295071, 0.900236326806212]
0.6755034639225492 [0.6434841323430115, 0.7486495611073599, 0.8396353814989872, 0.8992234976367319]
0.6801825458729195 [0.6453409858203917, 0.7548953409858203, 0.8421674544226874, 0.9012491559756921]
0.6827160588879756 [0.6394328156650911, 0.7516880486158002, 0.8418298446995274, 0.8970290344361918]
0.68104836222642 [0.6433153274814315, 0.7511816340310601, 0.8384537474679271, 0.8988858879135719]
0.6811510170942515 [0.6436529372045915, 0.7562457798784605, 0.8428426738690075, 0.9025995948683322]
0.6806933881977983 [0.6478730587440918, 0.7575962187711006, 0.8399729912221472, 0.9022619851451722]
0.6726948396672058 [0.6360567184334909, 0.7488183659689399, 0.8349088453747467, 0.899898717083052]
0.6718760879193821 [0.6360567184334909, 0.7469615124915597, 0.837778528021607, 0.899898717083052]
0.6810816544220016 [0.6525995948683322, 0.7602970965563808, 0.8428426738690075, 0.9066509115462525]
0.6823398547164485 [0.6650911546252533, 0.7665428764348413, 0.8472316002700878, 0.9019243754220122]
0.6723813456147963 [0.6438217420661715, 0.7488183659689399, 0.837440918298447, 0.8968602295746118]
0.6913938928899686 [0.6607022282241729, 0.7662052667116813, 0.8462187711006077, 0.9066509115462525]
0.6776175880104499 [0.6401080351114112, 0.7474679270762998, 0.8342336259284268, 0.8939905469277515]
0.6773744563477656 [0.6433153274814315, 0.7530384875084403, 0.837609723160027, 0.8977042538825118]
0.6751871208579096 [0.6549628629304524, 0.7587778528021607, 0.8389601620526671, 0.9024307900067522]
0.6779876629586464 [0.6444969615124916, 0.7530384875084403, 0.8399729912221472, 0.8988858879135719]
0.6853819608448691 [0.650236326806212, 0.7611411208642809, 0.8406482106684673, 0.8992234976367319]
0.6874566466146242 [0.6424713031735314, 0.7523632680621202, 0.8384537474679271, 0.8990546927751519]
0.6695606425194806 [0.636563133018231, 0.7429101958136395, 0.8318703578663066, 0.8934841323430115]


