0.5977380148548278_cub_1638948754.5334628
{'mode': 'train', 'application': 'DML', 'output_paht': '.', 'models': {'encoder_params': {'pretrained_path': 'no', 'net_type': 'resnet18', 'neck': 0, 'last_stride': 0, 'red': 4, 'bn_inception': {'embed': 1, 'sz_embedding': 512}}, 'gnn_params': {'pretrained_path': 'no', 'red': 1, 'cat': 0, 'every': 0, 'gnn': {'num_layers': 1, 'aggregator': 'add', 'num_heads': 2, 'attention': 'dot', 'mlp': 1, 'dropout_mlp': 0.1, 'norm1': 0, 'norm2': 0, 'res1': 1, 'res2': 1, 'dropout_1': 0.1, 'dropout_2': 0.1, 'mult_attr': 0}, 'classifier': {'neck': 1, 'num_classes': 100, 'dropout_p': 0.4, 'use_batchnorm': 0}}}, 'graph_params': {'sim_type': 'correlation', 'thresh': 'no', 'set_negative': 'hard'}, 'dataset': {'dataset_path': '/gdrive/MyDrive/DML/data/CUB_200_2011/CUB_200_2011/', 'dataset_short': 'cub', 'num_classes': 100, 'number_aug': 2, 'magnitude': 27, 'trans': 'GL_orig_RE', 'sampling': 'no', 'bssampling': 'NumberSampler', 'val': 0, 'nb_workers': 4}, 'train_params': {'num_classes_iter': 6, 'num_elements_class': 9, 'lr': 0.0001563663718906821, 'weight_decay': 6.059722614369727e-06, 'num_epochs': 70, 'is_apex': '1', 'temperatur': 0.2, 'output_train_enc': 'plain', 'output_train_gnn': 'plain', 'loss_fn': {'fns': 'lsgnn_lsce', 'scaling_ce': 1, 'scaling_gnn': 1, 'scaling_distance': 0.01, 'scaling_center': 0.5, 'scaling_triplet': 1, 'scaling_of': 1, 'scaling_of_pre': 1, 'scaling_distill': 1, 'soft_temp': 1, 'feats': 'no', 'preds': 'no'}}, 'eval_params': {'cat': 0, 'output_test_enc': 'plain', 'output_test_gnn': 'plain'}}
0.3786998436106813 [0.22687373396353816, 0.32967589466576636, 0.45189061444969614, 0.5862592842673869]
0.3051513769937975 [0.1463538149898717, 0.22062795408507765, 0.31802835921674544, 0.4426063470627954]
0.40414245932010096 [0.2236664415935179, 0.3225860904794058, 0.4422687373396354, 0.574611748818366]
0.40048766307702904 [0.24983119513841998, 0.35803511141120864, 0.47518568534773803, 0.6034773801485482]
0.4850485017222139 [0.36377447670492913, 0.48936529372045917, 0.6169817690749494, 0.7371708305199189]
0.4537262247843045 [0.3524645509790682, 0.46944632005401754, 0.5923362592842674, 0.713200540175557]
0.5463577927973106 [0.45273463875759623, 0.5768062120189061, 0.7020594193112761, 0.8021607022282242]
0.5516163463162018 [0.46826468602295745, 0.5935178933153274, 0.7104996623902768, 0.812457798784605]
0.55400728621331 [0.4697839297771776, 0.5930114787305875, 0.712187711006077, 0.8173531397704253]
0.5500491112100286 [0.4814314652261985, 0.6051654287643484, 0.7148885887913572, 0.8171843349088453]
0.5741121111485487 [0.5035449020931803, 0.62474679270763, 0.7451046590141797, 0.8392977717758271]
0.5902178405393527 [0.5278528021607022, 0.649729912221472, 0.7581026333558406, 0.8484132343011479]
0.6007817551310076 [0.5442268737339635, 0.6688048615800135, 0.7744767049291019, 0.8565158676569885]
0.5989743583760684 [0.5464213369345037, 0.6704929101958136, 0.7775151924375422, 0.8593855503038488]
0.5959331507660786 [0.5418636056718433, 0.6694800810263336, 0.774983119513842, 0.8595543551654288]
0.6099197884500082 [0.5656650911546253, 0.6836596893990546, 0.7879810938555031, 0.8656313301823092]
0.6180276871130518 [0.5572248480756246, 0.6769074949358541, 0.7781904118838623, 0.862930452397029]
0.6212157339593589 [0.5631330182309251, 0.6936191762322755, 0.7910195813639432, 0.8739027683997299]
0.6171559741934051 [0.5530047265361242, 0.6767386900742741, 0.7883187035786631, 0.8732275489534098]
0.6133287849691543 [0.550472653612424, 0.674375422012154, 0.775658338960162, 0.8590479405806887]
0.6221470496542129 [0.5663403106009454, 0.6860229574611749, 0.7938892640108035, 0.8703578663065497]
0.6124902621565759 [0.5592505064145847, 0.6851789331532748, 0.7928764348413234, 0.8698514517218096]
0.6228063452127194 [0.5663403106009454, 0.6934503713706954, 0.7940580688723835, 0.8744091829844699]
0.628299928773532 [0.5695476029709655, 0.6900742741390952, 0.7986158001350439, 0.8791357191087104]
0.6245634240042325 [0.5604321404456448, 0.6885550303848751, 0.7967589466576638, 0.8739027683997299]
0.6289609492545207 [0.5612761647535449, 0.6865293720459149, 0.7949020931802836, 0.8730587440918298]
0.6295231507737981 [0.5715732613099257, 0.6968264686022958, 0.8018230925050641, 0.8766036461850101]
0.6037420529189506 [0.5460837272113437, 0.6677920324105334, 0.7743079000675219, 0.8607359891964889]
0.614707713776241 [0.5587440918298447, 0.6848413234301148, 0.7954085077650236, 0.8712018906144497]
0.5995718467491872 [0.549122214719784, 0.6709993247805537, 0.7738014854827819, 0.861748818365969]
0.635897967173769 [0.5806887238352465, 0.7044226873733963, 0.8079000675219447, 0.8833558406482107]
0.6383606683142999 [0.5665091154625254, 0.699189736664416, 0.8019918973666441, 0.8789669142471304]
0.6480681818956929 [0.5852464550979068, 0.7077987846049967, 0.8112761647535449, 0.886563133018231]
0.6396724549955668 [0.575624577987846, 0.700033760972316, 0.8045239702903444, 0.8781228899392303]
0.6346978837463315 [0.575624577987846, 0.7020594193112761, 0.8067184334908846, 0.8836934503713707]
0.6401961865672546 [0.5795070898041864, 0.7059419311276165, 0.8063808237677245, 0.8847062795408508]
0.6334378669855043 [0.5768062120189061, 0.6976704929101958, 0.800641458474004, 0.8787981093855503]
0.6488083777391878 [0.5830519918973667, 0.7032410533423362, 0.8073936529372046, 0.8828494260634706]
0.6419218179404383 [0.5801823092505064, 0.7049291019581364, 0.8048615800135044, 0.8826806212018906]
0.6472840388263584 [0.5764686022957461, 0.7054355165428764, 0.8063808237677245, 0.8831870357866306]
0.6434745130944443 [0.574274139095206, 0.7039162727886563, 0.8072248480756246, 0.8831870357866306]
0.6466135461746861 [0.5762997974341662, 0.7039162727886563, 0.8035111411208643, 0.8798109385550303]
0.6509765646378339 [0.5865968939905469, 0.7094868332207968, 0.8106009453072248, 0.886900742741391]
0.655319288767826 [0.5771438217420661, 0.7037474679270763, 0.8089128966914247, 0.8828494260634706]
0.643742813233018 [0.587272113436867, 0.7040850776502363, 0.8097569209993247, 0.8833558406482107]
0.6432957259988242 [0.5840648210668468, 0.7025658338960162, 0.8089128966914247, 0.8823430114787306]
0.6489344651019852 [0.5887913571910871, 0.7079675894665767, 0.8111073598919649, 0.8833558406482107]
0.642750858712796 [0.5768062120189061, 0.7027346387575962, 0.8048615800135044, 0.886731937879811]
0.6399452755438088 [0.5781566509115462, 0.7022282241728561, 0.8038487508440243, 0.8836934503713707]
0.6488898504991281 [0.5977380148548278, 0.7140445644834571, 0.8099257258609048, 0.8831870357866306]
0.6405026847858123 [0.5811951384199865, 0.7054355165428764, 0.8048615800135044, 0.8823430114787306]
0.6367416030301473 [0.5855840648210668, 0.7113436866981769, 0.8055367994598245, 0.8850438892640108]
0.638806436782988 [0.5790006752194463, 0.7076299797434166, 0.8094193112761647, 0.8858879135719109]
0.64553853604302 [0.5844024307900068, 0.7049291019581364, 0.8068872383524646, 0.8845374746792708]
0.6338386551287823 [0.5800135043889264, 0.7018906144496961, 0.8046927751519244, 0.888251181634031]
0.6373767290107115 [0.5771438217420661, 0.6976704929101958, 0.800135043889264, 0.8814989871708305]
0.6466624902423532 [0.574780553679946, 0.699189736664416, 0.8067184334908846, 0.8833558406482107]
0.6497024641960139 [0.5803511141120864, 0.7064483457123565, 0.8114449696151249, 0.8858879135719109]
0.6407059522568987 [0.5712356515867657, 0.699696151249156, 0.8062120189061445, 0.8825118163403106]
0.6515274665137867 [0.5806887238352465, 0.7052667116812964, 0.8072248480756246, 0.887407157326131]
0.6559354204256086 [0.5908170155300473, 0.7148885887913572, 0.8161715057393653, 0.888082376772451]
0.6525384254803905 [0.5813639432815665, 0.7002025658338961, 0.8109385550303849, 0.8841998649561107]
0.6398677025736219 [0.5931802835921675, 0.7089804186360568, 0.8111073598919649, 0.8848750844024308]
0.6384271202896988 [0.5680283592167454, 0.6963200540175557, 0.8023295070898042, 0.8831870357866306]
0.6435578755794633 [0.5762997974341662, 0.699189736664416, 0.8041863605671843, 0.8814989871708305]
0.6430098098525292 [0.5786630654962863, 0.7023970290344362, 0.8045239702903444, 0.8806549628629304]
0.6466955156857791 [0.5869345037137069, 0.7061107359891965, 0.8060432140445645, 0.8852126941255908]
0.6382487008040233 [0.5784942606347063, 0.7032410533423362, 0.8087440918298447, 0.8835246455097907]
0.6447559741228075 [0.5768062120189061, 0.7072923700202566, 0.8065496286293046, 0.8835246455097907]
0.6426010349247749 [0.5693787981093855, 0.6936191762322755, 0.7962525320729237, 0.8806549628629304]


