0.8086336244004427_cars_1638484032.5946362
{'mode': 'train', 'application': 'DML', 'output_paht': '.', 'models': {'encoder_params': {'pretrained_path': 'no', 'net_type': 'resnet18', 'neck': 0, 'last_stride': 0, 'red': 4, 'bn_inception': {'embed': 1, 'sz_embedding': 512}}, 'gnn_params': {'pretrained_path': 'no', 'red': 1, 'cat': 1, 'every': 0, 'gnn': {'num_layers': 2, 'aggregator': 'add', 'num_heads': 8, 'attention': 'dot', 'mlp': 1, 'dropout_mlp': 0.1, 'norm1': 0, 'norm2': 0, 'res1': 1, 'res2': 1, 'dropout_1': 0.1, 'dropout_2': 0.1, 'mult_attr': 0}, 'classifier': {'neck': 1, 'num_classes': 98, 'dropout_p': 0.4, 'use_batchnorm': 0}}}, 'graph_params': {'sim_type': 'correlation', 'thresh': 'no', 'set_negative': 'hard'}, 'dataset': {'dataset_path': '/storage/remote/atcremers62/w0013/CARS', 'dataset_short': 'cars', 'num_classes': 98, 'trans': 'GL_orig_RE', 'number_aug': 2, 'magnitude': 27, 'sampling': 'no', 'bssampling': 'no', 'val': 0, 'nb_workers': 4}, 'train_params': {'num_classes_iter': 10, 'num_elements_class': 7, 'lr': 0.00036683239911604993, 'weight_decay': 2.551918610962277e-09, 'num_epochs': 70, 'is_apex': 'from yaml', 'temperatur': 0.1111111111111, 'output_train_enc': 'plain', 'output_train_gnn': 'plain', 'loss_fn': {'fns': 'lsce_lsgnn', 'scaling_ce': 1, 'scaling_gnn': 1, 'scaling_distance': 0.01, 'scaling_center': 0.5, 'scaling_triplet': 1, 'scaling_of': 1, 'scaling_of_pre': 1, 'scaling_distill': 1, 'soft_temp': 10, 'preds': 'no', 'feats': 'no'}}, 'eval_params': {'output_test_enc': 'plain', 'output_test_gnn': 'plain', 'cat': 0}}
0.24722669397970282 [0.19247325052269093, 0.26601893985979586, 0.368466363300947, 0.4849342024351248]
0.238853749942249 [0.19665477801008485, 0.27536588365514697, 0.3725249046857705, 0.48542614684540647]
0.28021253551249975 [0.2321977616529332, 0.32148567211905055, 0.43217316443241915, 0.5562661419259624]
0.3155745827829714 [0.31078588119542494, 0.4133562907391465, 0.5283482966424794, 0.6456770384946501]
0.3430436697374959 [0.3710490714549256, 0.48001475833230844, 0.5974664862870496, 0.7039724511130242]
0.29120412640535476 [0.30365268724634115, 0.4020415693026688, 0.5070717008977985, 0.6090271799286681]
0.4032281967889269 [0.5032591317181159, 0.6175132210060263, 0.7206985610625999, 0.8078957077850203]
0.4258557017470396 [0.5582339195670889, 0.6700282868035912, 0.7649735579879474, 0.8371664001967778]
0.47372686395706315 [0.6028778748001475, 0.713811339318657, 0.7985487639896691, 0.8631164678391342]
0.49396812813598423 [0.6442012052638052, 0.7508301561923503, 0.8307711228631165, 0.8894354937892018]
0.5304073858915923 [0.6806050916246464, 0.7771491821424179, 0.8499569548641004, 0.9033329233796581]
0.5277206894218706 [0.6908129381379904, 0.7839134177837904, 0.8520477186077973, 0.9018570901488132]
0.546351713285622 [0.7150412003443611, 0.8029762636822039, 0.8653302176854015, 0.9134177837904317]
0.5519535986813737 [0.7161480752674948, 0.8075267494773091, 0.8671750092239577, 0.9104661173287418]
0.5668084419646735 [0.7443118927561185, 0.8268355675808634, 0.888574591071209, 0.9319886852785635]
0.5680327050577765 [0.7412372401918583, 0.8227770261960399, 0.8820563276349772, 0.9236256303037756]
0.5674192858656443 [0.7550116836797441, 0.8351986225556512, 0.8877136883532161, 0.9265772967654655]
0.5868691113322423 [0.7626368220391095, 0.8519247325052269, 0.904808756610503, 0.9431804206124708]
0.5862811722694963 [0.7686631410650596, 0.8460213995818473, 0.9028409789693764, 0.9409666707662034]
0.5381107648614222 [0.7072930758824253, 0.7884639035788956, 0.8466363300946993, 0.8873447300455048]
0.5779056762099405 [0.7664493912187923, 0.8527856352232198, 0.9077604230721928, 0.9442872955356045]
0.5957971806670059 [0.7780100848604108, 0.8596728569671627, 0.9114500061493052, 0.9492067396384208]
0.5808868117648153 [0.7721067519370312, 0.8509408436846636, 0.9055466732259255, 0.9404747263559218]
0.5862588171873351 [0.7705079326036158, 0.8500799409666707, 0.9040708399950805, 0.936047226663387]
0.5903672311180638 [0.7873570286557618, 0.8682818841470914, 0.920427991636945, 0.9527733366129627]
0.5857071021859384 [0.7816996679375231, 0.8595498708645923, 0.9093592424056082, 0.9397368097404993]
0.5881578203553213 [0.7812077235272414, 0.8589349403517402, 0.908990284097897, 0.9404747263559218]
0.5755631523941734 [0.7702619603984749, 0.8484811216332554, 0.9017341040462428, 0.9361702127659575]
0.5948338871996347 [0.7814536957323822, 0.8572131349157546, 0.9066535481490592, 0.9405977124584922]
0.5929276137231853 [0.7773951543475587, 0.8589349403517402, 0.9141557004058541, 0.9461320870741606]
0.6011305064894676 [0.7847743205017833, 0.8622555651211413, 0.910835075636453, 0.9434263928176116]
0.6148682525418648 [0.791907514450867, 0.8708645923010699, 0.9168613946624031, 0.945640142663879]
0.6021912119856005 [0.7888328618866068, 0.8686508424548026, 0.9151395892264174, 0.9440413233304636]
0.603669160056764 [0.7925224449637192, 0.8697577173779363, 0.9146476448161358, 0.9449022260484565]
0.6094693999778771 [0.7943672365022753, 0.8691427868650843, 0.918337227893248, 0.9484688230229984]
0.6074701203986637 [0.7936293198868528, 0.8698807034805067, 0.9178452834829665, 0.9484688230229984]
0.602146114592236 [0.7963350141434018, 0.8708645923010699, 0.9164924363546919, 0.9461320870741606]
0.6071979909881191 [0.7938752920919936, 0.8713565367113516, 0.9216578526626491, 0.9505595867666954]
0.6103379722351651 [0.7997786250153732, 0.871479522813922, 0.917107366867544, 0.9476079203050055]
0.5960882817342819 [0.787971959168614, 0.8621325790185709, 0.9078834091747633, 0.9413356290739147]
0.6129879382155883 [0.7962120280408314, 0.8704956339933587, 0.918337227893248, 0.9473619480998647]
0.6027285614805606 [0.796703972451113, 0.8728323699421965, 0.9187061862009593, 0.9466240314844423]
0.6070103950131033 [0.7969499446562538, 0.8700036895830772, 0.9184602139958185, 0.9469929897921535]
0.6028919794659261 [0.7915385561431558, 0.8687738285573731, 0.9161234780469807, 0.945640142663879]
0.6045358566446333 [0.7985487639896691, 0.874185217070471, 0.9166154224572624, 0.9468700036895831]
0.6022563993572089 [0.7943672365022753, 0.8723404255319149, 0.9187061862009593, 0.9485918091255688]
0.6030799670570044 [0.7938752920919936, 0.8727093838396262, 0.9169843807649736, 0.9447792399458861]
0.602252834000211 [0.7937523059894231, 0.8712335506087812, 0.9144016726109949, 0.9453941704587382]
0.6004330365888542 [0.7975648751691059, 0.8734473004550486, 0.9152625753289878, 0.945640142663879]
0.6055734996580219 [0.7999016111179437, 0.8708645923010699, 0.922518755380642, 0.9490837535358504]
0.5903485481268967 [0.7955970975279794, 0.871479522813922, 0.9174763251752552, 0.9460091009715902]
0.6131494851508998 [0.8086336244004427, 0.8825482720452589, 0.9255934079449022, 0.9547411142540893]
0.6070066663316863 [0.8033452219899151, 0.8750461197884639, 0.9179682695855368, 0.9473619480998647]
0.6160265586815615 [0.7996556389128029, 0.8752920919936047, 0.9187061862009593, 0.9468700036895831]
0.6045778864746375 [0.7984257778870988, 0.874185217070471, 0.9148936170212766, 0.9446562538433158]
0.605979209747753 [0.7954741114254089, 0.8698807034805067, 0.9160004919444102, 0.9457631287664494]
0.6104877830897879 [0.7968269585536835, 0.8730783421473374, 0.9164924363546919, 0.9439183372278932]
0.6154392467527089 [0.8023613331693519, 0.8776288279424425, 0.9200590333292338, 0.9485918091255688]
0.6166126633109313 [0.7978108473742467, 0.8713565367113516, 0.9182142417906777, 0.9465010453818719]
0.6095462235249025 [0.7948591809125569, 0.8695117451727955, 0.9161234780469807, 0.9465010453818719]
0.6103614755317284 [0.8022383470667814, 0.8748001475833231, 0.9180912556881072, 0.9473619480998647]
0.6048378346465324 [0.8007625138359366, 0.8718484811216333, 0.9160004919444102, 0.9434263928176116]
0.6015693114458656 [0.7986717500922396, 0.8749231336858935, 0.9173533390726848, 0.947730906407576]
0.6171203652085475 [0.8021153609642111, 0.8718484811216333, 0.9194441028163818, 0.9493297257409913]
0.6140888540982258 [0.7963350141434018, 0.8749231336858935, 0.9191981306112409, 0.9492067396384208]
0.595098981748634 [0.7915385561431558, 0.8648382732751199, 0.9088672979953265, 0.9399827819456401]
0.6072026393701921 [0.8049440413233304, 0.8750461197884639, 0.9193211167138113, 0.9520354199975403]
0.6224654586339181 [0.8007625138359366, 0.8732013282499078, 0.9185832000983889, 0.9479768786127167]
0.5988158868570033 [0.7964580002459722, 0.8692657729676546, 0.912310908867298, 0.9440413233304636]
0.6052945932366002 [0.7955970975279794, 0.8717254950190628, 0.9152625753289878, 0.9449022260484565]


