0.5794279807029634_cars_1638901254.880544
{'mode': 'train', 'application': 'DML', 'output_paht': '.', 'models': {'encoder_params': {'pretrained_path': 'no', 'net_type': 'resnet18', 'neck': 0, 'last_stride': 0, 'red': 4, 'bn_inception': {'embed': 1, 'sz_embedding': 512}}, 'gnn_params': {'pretrained_path': 'no', 'red': 1, 'cat': 1, 'every': 0, 'gnn': {'num_layers': 2, 'aggregator': 'add', 'num_heads': 8, 'attention': 'dot', 'mlp': 1, 'dropout_mlp': 0.1, 'norm1': 1, 'norm2': 1, 'res1': 1, 'res2': 1, 'dropout_1': 0.1, 'dropout_2': 0.1, 'mult_attr': 0}, 'classifier': {'neck': 1, 'num_classes': 98, 'dropout_p': 0.4, 'use_batchnorm': 0}}}, 'graph_params': {'sim_type': 'correlation', 'thresh': 'no', 'set_negative': 'hard'}, 'dataset': {'dataset_path': '/storage/remote/atcremers51/w0013/intra_batch_data/CUB_200_2011/', 'dataset_short': 'cars', 'num_classes': 98, 'trans': 'GL_orig_RE', 'number_aug': 2, 'magnitude': 27, 'sampling': 'no', 'bssampling': 'no', 'val': 0, 'nb_workers': 4}, 'train_params': {'num_classes_iter': 10, 'num_elements_class': 7, 'lr': 0.00036683239911604993, 'weight_decay': 2.551918610962277e-09, 'num_epochs': 70, 'is_apex': 'from yaml', 'temperatur': 0.1111111111111, 'output_train_enc': 'plain', 'output_train_gnn': 'plain', 'loss_fn': {'fns': 'lsce_lsgnn', 'scaling_ce': 1, 'scaling_gnn': 1, 'scaling_distance': 0.01, 'scaling_center': 0.5, 'scaling_triplet': 1, 'scaling_of': 1, 'scaling_of_pre': 1, 'scaling_distill': 1, 'soft_temp': 10, 'preds': 'no', 'feats': 'no'}}, 'eval_params': {'output_test_enc': 'plain', 'output_test_gnn': 'plain', 'cat': 0}}
0.342386822392304 [0.19641626464507236, 0.2877325982081323, 0.3952446588559614, 0.521881461061337]
0.38246559439151784 [0.2439696760854583, 0.3406271536871123, 0.46071674707098553, 0.5928669882839421]
0.45580571933241426 [0.35148173673328736, 0.47312198483804274, 0.5890764989662302, 0.7015851137146796]
0.49723772463898097 [0.4040317022742936, 0.534631288766368, 0.65144727773949, 0.7582701585113715]
0.49656055715714775 [0.4260854583046175, 0.5475534114403859, 0.667815299793246, 0.7649896623018608]
0.5360627586706065 [0.45847691247415573, 0.5920055134390075, 0.6974500344589938, 0.7980702963473466]
0.5295673824584315 [0.4627842866988284, 0.5864920744314266, 0.7026188835286009, 0.7982425913163336]
0.554716493314804 [0.49241902136457616, 0.6145761543762922, 0.7277739490006891, 0.8190902825637492]
0.5766743653978735 [0.5287732598208132, 0.6433494141971055, 0.7472432804962095, 0.8392487939352171]
0.5774364157058934 [0.5253273604410751, 0.6440385940730531, 0.7439696760854583, 0.8333907649896622]
0.5919547201242252 [0.5294624396967609, 0.6559269469331496, 0.7558580289455548, 0.8392487939352171]
0.5872994561376543 [0.5279117849758787, 0.6507580978635424, 0.7575809786354238, 0.8395933838731909]
0.6092899265466555 [0.5489317711922812, 0.6686767746381805, 0.7753273604410751, 0.8580289455547898]
0.5890844182249168 [0.5385940730530668, 0.6521364576154376, 0.759131633356306, 0.8351137146795313]
0.6108504475241491 [0.5503101309441765, 0.6772915230875258, 0.7798070296347347, 0.8614748449345279]
0.5858889319359076 [0.5299793246037215, 0.6474844934527911, 0.7513783597518953, 0.8407994486560992]
0.5950782788285573 [0.5441075120606478, 0.6786698828394211, 0.7722260509993109, 0.8528600964851827]
0.6120631772629499 [0.5487594762232942, 0.6741902136457616, 0.7680909717436251, 0.8507925568573398]
0.614663950744674 [0.5635768435561681, 0.676946933149552, 0.7835975189524466, 0.8594073053066851]
0.5095057039839 [0.4319434872501723, 0.5468642315644383, 0.6640248104755341, 0.7580978635423845]
0.5998123249721428 [0.5389386629910407, 0.658855961405927, 0.7661957270847691, 0.8525155065472089]
0.6021218796424974 [0.5289455547898001, 0.6562715368711234, 0.7706753962784286, 0.8557891109579601]
0.602956763171 [0.5361819434872501, 0.6667815299793246, 0.7756719503790489, 0.8626809097174363]
0.6055166173008836 [0.5430737422467264, 0.6722949689869056, 0.7765334252239835, 0.861130254996554]
0.6018107626770596 [0.541867677463818, 0.6669538249483115, 0.7770503101309442, 0.8590627153687113]
0.6140360615675678 [0.5482425913163336, 0.6743625086147484, 0.7853204686423156, 0.864920744314266]
0.5962498910726308 [0.5334252239834597, 0.660578911095796, 0.7691247415575465, 0.8506202618883528]
0.5569048115656723 [0.4912129565816678, 0.607684355616816, 0.711750516884907, 0.799276361130255]
0.6082755177213189 [0.5301516195727085, 0.6517918676774638, 0.7708476912474156, 0.857512060647829]
0.6012201425521817 [0.5372157133011716, 0.6674707098552722, 0.7749827705031013, 0.8597518952446589]
0.6207943899066483 [0.5618538938662991, 0.684355616815989, 0.7858373535492763, 0.8638869745003446]
0.6304271293070997 [0.565644383184011, 0.6896967608545831, 0.7891109579600276, 0.8673328738800827]
0.6150846822540744 [0.562198483804273, 0.6784975878704342, 0.7772226050999311, 0.861302549965541]
0.6282150504195335 [0.5652997932460372, 0.6895244658855961, 0.7916953824948312, 0.8664713990351481]
0.6240824213516554 [0.5706409372846313, 0.6865954514128187, 0.7835975189524466, 0.8662991040661613]
0.6265029726464211 [0.5702963473466575, 0.6891798759476223, 0.7898001378359751, 0.8706064782908339]
0.6341160635586316 [0.565816678152998, 0.6893521709166093, 0.7887663680220538, 0.8699172984148863]
0.6328942353063209 [0.5739145416953825, 0.6922811853893867, 0.7879048931771192, 0.8680220537560304]
0.6285140495511069 [0.5652997932460372, 0.6834941419710544, 0.7904893177119228, 0.8654376292212267]
0.6306366075344706 [0.569434872501723, 0.6907305306685044, 0.7910062026188835, 0.8680220537560304]
0.6289328406949135 [0.569434872501723, 0.6967608545830462, 0.7946243969676086, 0.874052377670572]
0.635045396388219 [0.5783942108890421, 0.700723638869745, 0.7991040661612681, 0.8730186078566505]
0.6248275195057518 [0.5644383184011027, 0.6876292212267402, 0.7911784975878704, 0.8676774638180565]
0.6293203760950546 [0.5715024121295658, 0.6984838042729152, 0.7978980013783598, 0.8719848380427292]
0.6274375476302151 [0.5758097863542384, 0.6960716747070985, 0.7977257064093728, 0.8733631977946243]
0.6145774027526273 [0.5670227429359063, 0.691592005513439, 0.7930737422467264, 0.8676774638180565]
0.6181158787541876 [0.5709855272226051, 0.6945210199862164, 0.79565816678153, 0.870434183321847]
0.6219891646726944 [0.5699517574086836, 0.6946933149552033, 0.79565816678153, 0.8711233631977946]
0.6217819256122927 [0.5682288077188146, 0.6896967608545831, 0.7958304617505169, 0.8725017229496899]
0.6266186022359658 [0.5673673328738801, 0.6958993797381117, 0.7944521019986216, 0.8714679531357684]
0.623929665880946 [0.5671950379048932, 0.6927980702963473, 0.7968642315644383, 0.8683666436940042]
0.630045474105933 [0.5739145416953825, 0.6964162646450723, 0.7980702963473466, 0.870434183321847]
0.6287479877756682 [0.5706409372846313, 0.6965885596140593, 0.7965196416264645, 0.8657822191592005]
0.6234544174696345 [0.5721915920055134, 0.6945210199862164, 0.7941075120606478, 0.8657822191592005]
0.6238704959348624 [0.5783942108890421, 0.7022742935906272, 0.795485871812543, 0.8728463128876637]
0.6391620062508186 [0.5732253618194348, 0.6979669193659546, 0.8006547208821503, 0.874052377670572]
0.6235214936911202 [0.5639214334941419, 0.6891798759476223, 0.7944521019986216, 0.8676774638180565]
0.6300981715657884 [0.5733976567884218, 0.6983115093039284, 0.7935906271536871, 0.8733631977946243]
0.6199127855448355 [0.5702963473466575, 0.6905582356995176, 0.7913507925568574, 0.8688835286009648]
0.6263467802520363 [0.5615093039283253, 0.6876292212267402, 0.7966919365954515, 0.8702618883528601]
0.6209688452587522 [0.565816678152998, 0.6860785665058581, 0.7904893177119228, 0.8752584424534804]
0.6209114544728415 [0.5647829083390765, 0.6933149552033081, 0.7922122674017918, 0.868711233631978]
0.6249525635939125 [0.5615093039283253, 0.6890075809786355, 0.7891109579600276, 0.8662991040661613]
0.6260559401622412 [0.5749483115093039, 0.6943487250172296, 0.7991040661612681, 0.872157133011716]
0.6292502804434668 [0.5715024121295658, 0.6957270847691247, 0.7996209510682288, 0.8733631977946243]
0.6279154037177117 [0.5794279807029634, 0.7017574086836664, 0.8004824259131633, 0.8757753273604411]
0.6189030252143533 [0.5678842177808407, 0.6888352860096485, 0.7960027567195038, 0.8728463128876637]
0.6288169253872921 [0.5651274982770503, 0.6905582356995176, 0.7927291523087526, 0.8690558235699517]
0.6215800694370551 [0.5651274982770503, 0.687801516195727, 0.792039972432805, 0.8671605789110958]
0.6203898757776053 [0.5654720882150241, 0.6895244658855961, 0.7941075120606478, 0.8692281185389387]


