0.8201943180420612_cars_1638809983.8784964
{'mode': 'train', 'application': 'DML', 'output_paht': '.', 'models': {'encoder_params': {'pretrained_path': 'no', 'net_type': 'resnet18', 'neck': 0, 'last_stride': 0, 'red': 4, 'bn_inception': {'embed': 1, 'sz_embedding': 512}}, 'gnn_params': {'pretrained_path': 'no', 'red': 1, 'cat': 1, 'every': 0, 'gnn': {'num_layers': 2, 'aggregator': 'add', 'num_heads': 8, 'attention': 'dot', 'mlp': 0, 'dropout_mlp': 0.1, 'norm1': 1, 'norm2': 1, 'res1': 1, 'res2': 1, 'dropout_1': 0.1, 'dropout_2': 0.1, 'mult_attr': 0}, 'classifier': {'neck': 1, 'num_classes': 98, 'dropout_p': 0.4, 'use_batchnorm': 0}}}, 'graph_params': {'sim_type': 'correlation', 'thresh': 'no', 'set_negative': 'hard'}, 'dataset': {'dataset_path': '/storage/remote/atcremers62/w0013/CARS', 'dataset_short': 'cars', 'num_classes': 98, 'trans': 'GL_orig_RE', 'number_aug': 2, 'magnitude': 27, 'sampling': 'no', 'bssampling': 'no', 'val': 0, 'nb_workers': 4}, 'train_params': {'num_classes_iter': 10, 'num_elements_class': 7, 'lr': 0.00036683239911604993, 'weight_decay': 2.551918610962277e-09, 'num_epochs': 70, 'is_apex': 'from yaml', 'temperatur': 0.1111111111111, 'output_train_enc': 'plain', 'output_train_gnn': 'plain', 'loss_fn': {'fns': 'lsce_lsgnn', 'scaling_ce': 1, 'scaling_gnn': 1, 'scaling_distance': 0.01, 'scaling_center': 0.5, 'scaling_triplet': 1, 'scaling_of': 1, 'scaling_of_pre': 1, 'scaling_distill': 1, 'soft_temp': 10, 'preds': 'no', 'feats': 'no'}}, 'eval_params': {'output_test_enc': 'plain', 'output_test_gnn': 'plain', 'cat': 0}}
0.23526144609532917 [0.18779977862501537, 0.26134546796212027, 0.35087935063337844, 0.4602139958184725]
0.27455228875398574 [0.2615914401672611, 0.35641372524904685, 0.46082892633132455, 0.575697946132087]
0.3018384662270686 [0.2859426884762022, 0.3864223342762268, 0.49182142417906777, 0.6096421104415201]
0.3339617287433536 [0.3592424056081663, 0.47189767556266143, 0.5882425285942688, 0.6995449514204894]
0.3664213406021469 [0.4019185832000984, 0.5175255196162833, 0.6336244004427499, 0.7391464764481613]
0.38888014756650957 [0.45148198253597344, 0.5743450990038126, 0.6778993973680975, 0.7700159881933342]
0.43045507470703387 [0.5312999631041693, 0.646537941212643, 0.7429590456278441, 0.8315090394785389]
0.40934172343298225 [0.5214610748985364, 0.6242774566473989, 0.7108596728569672, 0.7896937646045997]
0.47925712357700656 [0.6089041938260976, 0.716517033575206, 0.8032222358873448, 0.8732013282499078]
0.5118447502330539 [0.6514573853154594, 0.7532898782437585, 0.8284343869142787, 0.8921411880457508]
0.5267152006997078 [0.6856475218300332, 0.7815766818349527, 0.8519247325052269, 0.9056696593284959]
0.5284876875123419 [0.6813430082400689, 0.7781330709629812, 0.8519247325052269, 0.900012298610257]
0.5586643198242459 [0.7149182142417907, 0.8040831386053376, 0.8693887590702251, 0.9151395892264174]
0.549910945394603 [0.7122125199852417, 0.8034682080924855, 0.8687738285573731, 0.9153855614315582]
0.5652625980937408 [0.7163940474726356, 0.8018693887590702, 0.8621325790185709, 0.9070225064567704]
0.5364829904709714 [0.700897798548764, 0.7936293198868528, 0.8625015373262821, 0.9148936170212766]
0.5555795933030808 [0.7198376583446071, 0.812938137990407, 0.8744311892756118, 0.915016603123847]
0.5559031065510996 [0.721313491575452, 0.8097404993235764, 0.8718484811216333, 0.9114500061493052]
0.5516079633390252 [0.7109826589595376, 0.8001475833230844, 0.8676669536342393, 0.9140327143032837]
0.5650887596757184 [0.7460336981921043, 0.8302791784528348, 0.89189521584061, 0.9335875046119788]
0.5593072983151575 [0.7341040462427746, 0.8205632763497724, 0.8797195916861394, 0.923133685893494]
0.5538696890310248 [0.7274627967039724, 0.8130611240929775, 0.8800885499938507, 0.9221497970729308]
0.557249701983441 [0.7377936293198869, 0.8291723035297012, 0.8898044520969131, 0.9327266018939859]
0.5546545971029287 [0.7182388390111918, 0.8086336244004427, 0.8695117451727955, 0.9121879227647276]
0.5192607142887459 [0.6781453695732382, 0.7646045996802361, 0.8296642479399828, 0.8770138974295905]
0.5901898918121425 [0.7700159881933342, 0.8522936908129382, 0.909605214610749, 0.9444102816381749]
0.6131688909863312 [0.7894477923994588, 0.8685278563522322, 0.9191981306112409, 0.9526503505103924]
0.5695623856191261 [0.7480014758332308, 0.8350756364530808, 0.8895584798917723, 0.9259623662526134]
0.5533952944566229 [0.7311523797810847, 0.8091255688107244, 0.8642233427622679, 0.904193826097651]
0.5922342575365633 [0.765465502398229, 0.8463903578895585, 0.9035788955847989, 0.9392448653302177]
0.6062286038505161 [0.7862501537326282, 0.8645923010699791, 0.9128028532775796, 0.9476079203050055]
0.60985317286043 [0.7962120280408314, 0.871479522813922, 0.9194441028163818, 0.952281392202681]
0.6069721447738197 [0.7984257778870988, 0.8750461197884639, 0.9200590333292338, 0.9532652810232444]
0.6099870541242395 [0.7952281392202681, 0.8716025089164925, 0.9191981306112409, 0.9505595867666954]
0.6203804465261442 [0.7965809863485426, 0.8733243143524781, 0.9214118804575083, 0.9533882671258148]
0.6093502079711594 [0.7947361948099865, 0.8728323699421965, 0.9200590333292338, 0.9527733366129627]
0.603967757488938 [0.7974418890665355, 0.8728323699421965, 0.9221497970729308, 0.9532652810232444]
0.615296914021919 [0.8019923748616407, 0.8809494527118436, 0.926700282868036, 0.9568318779977862]
0.6127991566296392 [0.7948591809125569, 0.8698807034805067, 0.9164924363546919, 0.947730906407576]
0.6123631586780816 [0.7964580002459722, 0.874185217070471, 0.9206739638420859, 0.9514204894846883]
0.6178580726354649 [0.8018693887590702, 0.8786127167630058, 0.9260853523551839, 0.9583077112286311]
0.6213853381797312 [0.8050670274259009, 0.8805804944041323, 0.927315213380888, 0.9583077112286311]
0.6204537148749502 [0.8039601525027672, 0.8827942442503997, 0.927315213380888, 0.9573238224080679]
0.6164756071443548 [0.8026073053744927, 0.8787357028655762, 0.92190382486779, 0.9538802115360964]
0.6184943714016683 [0.8021153609642111, 0.8791046611732874, 0.926700282868036, 0.9569548641003567]
0.613051752813355 [0.79879473619481, 0.8723404255319149, 0.9158775058418399, 0.9473619480998647]
0.6110782633094393 [0.8094945271184356, 0.8805804944041323, 0.927315213380888, 0.9560939613823638]
0.6145315156962051 [0.8066658467593162, 0.8847620218915263, 0.930635838150289, 0.960644447177469]
0.6140318949502994 [0.8081416799901611, 0.883163202558111, 0.9287910466117328, 0.9574468085106383]
0.6238225027312324 [0.8093715410158652, 0.8853769524043783, 0.927315213380888, 0.9567088918952158]
0.6129219214272057 [0.8066658467593162, 0.8829172303529701, 0.9274381994834584, 0.9562169474849342]
0.6142043047039425 [0.804206124707908, 0.8819333415324069, 0.9269462550731767, 0.959168613946624]
0.6262274447803261 [0.8106014020415693, 0.8846390357889559, 0.9284220883040216, 0.9590456278440537]
0.6187922779142199 [0.8093715410158652, 0.8814413971221252, 0.9253474357397614, 0.957077850202927]
0.6162961802709988 [0.8137990407083999, 0.883778133070963, 0.9269462550731767, 0.9556020169720821]
0.615730773070363 [0.8023613331693519, 0.8757840364038864, 0.9214118804575083, 0.9500676423564137]
0.6117287916515509 [0.8086336244004427, 0.883163202558111, 0.9281761160988808, 0.9572008363054975]
0.6230047193539995 [0.8091255688107244, 0.8834091747632518, 0.9301438937400074, 0.957077850202927]
0.6196895069507777 [0.8124461935801255, 0.8859918829172303, 0.9322346574837044, 0.9601525027671873]
0.6207160939027021 [0.808387652195302, 0.881072438814414, 0.9281761160988808, 0.9574468085106383]
0.6222030948926299 [0.8043291108104784, 0.8804575083015619, 0.9255934079449022, 0.9559709752797934]
0.6279396920413507 [0.8118312630672734, 0.8862378551223712, 0.9302668798425778, 0.9599065305620464]
0.617515652927051 [0.8094945271184356, 0.8819333415324069, 0.927315213380888, 0.9575697946132087]
0.6220694274006441 [0.8201943180420612, 0.8911572992251876, 0.9355552822531054, 0.9628581970237363]
0.6255978686474658 [0.8187184848112163, 0.888574591071209, 0.9328495879965564, 0.9615053498954618]
0.6220889683238682 [0.8187184848112163, 0.8909113270200467, 0.9353093100479646, 0.9638420858442996]
0.6300656973340435 [0.8184725126060756, 0.8867297995326529, 0.9307588242528594, 0.9617513221006027]
0.6173698964084842 [0.8099864715287173, 0.8854999385069487, 0.9282991022014513, 0.9574468085106383]
0.6059933580602611 [0.8039601525027672, 0.8739392448653303, 0.9180912556881072, 0.9463780592793014]
0.6136644114169361 [0.8145369573238224, 0.8866068134300824, 0.9289140327143033, 0.9568318779977862]


