0.5960499662390277_cub_1638909611.2877834
{'mode': 'train', 'application': 'DML', 'output_paht': '.', 'models': {'encoder_params': {'pretrained_path': 'no', 'net_type': 'resnet18', 'neck': 0, 'last_stride': 0, 'red': 4, 'bn_inception': {'embed': 1, 'sz_embedding': 512}}, 'gnn_params': {'pretrained_path': 'no', 'red': 1, 'cat': 0, 'every': 0, 'gnn': {'num_layers': 1, 'aggregator': 'add', 'num_heads': 2, 'attention': 'dot', 'mlp': 1, 'dropout_mlp': 0.1, 'norm1': 1, 'norm2': 1, 'res1': 1, 'res2': 1, 'dropout_1': 0.1, 'dropout_2': 0.1, 'mult_attr': 0}, 'classifier': {'neck': 1, 'num_classes': 100, 'dropout_p': 0.4, 'use_batchnorm': 0}}}, 'graph_params': {'sim_type': 'correlation', 'thresh': 'no', 'set_negative': 'hard'}, 'dataset': {'dataset_path': '/storage/remote/atcremers62/w0013/CUB_200_2011/CUB_200_2011/', 'dataset_short': 'cub', 'num_classes': 100, 'number_aug': 2, 'magnitude': 27, 'trans': 'GL_orig_RE', 'sampling': 'no', 'bssampling': 'NumberSampler', 'val': 0, 'nb_workers': 4}, 'train_params': {'num_classes_iter': 6, 'num_elements_class': 9, 'lr': 0.0001563663718906821, 'weight_decay': 6.059722614369727e-06, 'num_epochs': 70, 'is_apex': 'from yaml', 'temperatur': 0.2, 'output_train_enc': 'plain', 'output_train_gnn': 'plain', 'loss_fn': {'fns': 'lsgnn_lsce', 'scaling_ce': 1, 'scaling_gnn': 1, 'scaling_distance': 0.01, 'scaling_center': 0.5, 'scaling_triplet': 1, 'scaling_of': 1, 'scaling_of_pre': 1, 'scaling_distill': 1, 'soft_temp': 1, 'feats': 'no', 'preds': 'no'}}, 'eval_params': {'cat': 0, 'output_test_enc': 'plain', 'output_test_gnn': 'plain'}}
0.35784327475274647 [0.21201890614449695, 0.3073936529372046, 0.4314652261985145, 0.5589128966914247]
0.3048524957896878 [0.14669142471303173, 0.21792707629979743, 0.3239365293720459, 0.4483457123565159]
0.4150939716787722 [0.262491559756921, 0.36377447670492913, 0.4888588791357191, 0.6208642808912896]
0.4522161534561704 [0.337947332883187, 0.4552667116812964, 0.5722484807562458, 0.6922687373396353]
0.5167813191447092 [0.4113774476704929, 0.5303848750844025, 0.6566509115462525, 0.7738014854827819]
0.49578421025372255 [0.4025995948683322, 0.5239702903443619, 0.6561444969615124, 0.7658676569885212]
0.5483730165479905 [0.4648885887913572, 0.5957123565158676, 0.7165766374071574, 0.8190411883862255]
0.567373235563702 [0.49831195138419987, 0.6213706954760297, 0.7371708305199189, 0.8350776502363269]
0.5657795775240719 [0.4991559756920999, 0.6277852802160703, 0.7410533423362593, 0.8332207967589467]
0.5663324290683314 [0.5013504388926401, 0.6286293045239703, 0.7408845374746793, 0.8310263335584065]
0.5789385989042707 [0.5246455097906819, 0.6455097906819717, 0.7523632680621202, 0.8408170155300473]
0.5991485135340308 [0.5523295070898042, 0.6730249831195139, 0.7781904118838623, 0.8582039162727887]
0.5999496819741773 [0.550303848750844, 0.6726873733963538, 0.7771775827143822, 0.8585415259959487]
0.6158959224786817 [0.5646522619851452, 0.6850101282916948, 0.7827481431465226, 0.8636056718433491]
0.608344681973339 [0.5567184334908846, 0.6782579338284943, 0.7813977042538826, 0.8644496961512491]
0.623307929442688 [0.5697164078325456, 0.687035786630655, 0.7884875084402431, 0.8688386225523295]
0.6181080384018919 [0.5727548953409858, 0.6907494935854153, 0.7947332883187036, 0.8718771100607697]
0.6141466293901556 [0.5654962862930453, 0.6814652261985145, 0.7879810938555031, 0.8730587440918298]
0.6212924503670799 [0.5551991897366644, 0.6823092505064146, 0.7916948008102633, 0.8779540850776503]
0.615805828910763 [0.5533423362592843, 0.6785955435516543, 0.7819041188386225, 0.8693450371370696]
0.6373141355157469 [0.5773126266036462, 0.6963200540175557, 0.798953409858204, 0.8733963538149899]
0.6135252728734749 [0.5722484807562458, 0.6917623227548954, 0.7947332883187036, 0.8713706954760297]
0.6309110367751494 [0.5803511141120864, 0.6976704929101958, 0.799966239027684, 0.8804861580013504]
0.6179141289277458 [0.5676907494935854, 0.687204591492235, 0.7898379473328832, 0.87457798784605]
0.6188348107625767 [0.5607697501688048, 0.6964888588791357, 0.7962525320729237, 0.8760972316002701]
0.6269975846222428 [0.5607697501688048, 0.6848413234301148, 0.7893315327481432, 0.8727211343686698]
0.6180580890521683 [0.5779878460499662, 0.700540175557056, 0.7942268737339635, 0.8760972316002701]
0.6016334640868221 [0.5524983119513842, 0.6767386900742741, 0.7861242403781229, 0.8668129642133694]
0.6292764149663297 [0.5690411883862255, 0.6834908845374746, 0.7879810938555031, 0.8767724510465902]
0.6053906919305915 [0.5540175557056043, 0.6785955435516543, 0.7798784604996624, 0.8578663065496286]
0.6345560934460635 [0.5803511141120864, 0.7015530047265361, 0.8040175557056043, 0.8841998649561107]
0.6395529518383422 [0.5805199189736664, 0.7037474679270763, 0.8043551654287644, 0.8850438892640108]
0.6405693218676155 [0.587440918298447, 0.7045914922349764, 0.8060432140445645, 0.8848750844024308]
0.6383707899592733 [0.5849088453747467, 0.7029034436191762, 0.8041863605671843, 0.8826806212018906]
0.63694734668898 [0.588116137744767, 0.7022282241728561, 0.8030047265361242, 0.8806549628629304]
0.6395517615809871 [0.5894665766374072, 0.7050979068197164, 0.8051991897366644, 0.8838622552329507]
0.6333682246777925 [0.5823767724510466, 0.7054355165428764, 0.8079000675219447, 0.8828494260634706]
0.6371633256455135 [0.5886225523295071, 0.7023970290344362, 0.8014854827819041, 0.8848750844024308]
0.6352366800378841 [0.5786630654962863, 0.701046590141796, 0.8046927751519244, 0.8825118163403106]
0.646978848655405 [0.587440918298447, 0.7088116137744767, 0.8016542876434841, 0.8860567184334909]
0.6356932844383746 [0.5840648210668468, 0.7081363943281567, 0.8051991897366644, 0.8838622552329507]
0.6437117047186882 [0.5811951384199865, 0.7025658338960162, 0.8062120189061445, 0.8836934503713707]
0.64271359001269 [0.5948683322079676, 0.7207967589466576, 0.812964213369345, 0.887069547602971]
0.6447801904157744 [0.5906482106684673, 0.7106684672518568, 0.8065496286293046, 0.8850438892640108]
0.6396114546827192 [0.5921674544226874, 0.7064483457123565, 0.8060432140445645, 0.887238352464551]
0.6395270170419064 [0.587609723160027, 0.712525320729237, 0.8072248480756246, 0.887575962187711]
0.6472191803840754 [0.5827143821742066, 0.7133693450371371, 0.8119513841998649, 0.8896016205266711]
0.6390595131059041 [0.5815327481431465, 0.7088116137744767, 0.8097569209993247, 0.8902768399729912]
0.6278226569272315 [0.5850776502363269, 0.7089804186360568, 0.8141458474004052, 0.8887575962187712]
0.6458882783712969 [0.5960499662390277, 0.7135381498987171, 0.8133018230925051, 0.8890952059419311]
0.640893462560661 [0.5838960162052668, 0.7052667116812964, 0.8080688723835247, 0.8902768399729912]
0.6434055155978768 [0.5864280891289669, 0.7118501012829169, 0.812626603646185, 0.8923024983119514]
0.637007004555933 [0.5803511141120864, 0.7061107359891965, 0.8133018230925051, 0.8889264010803511]
0.644257239596232 [0.5884537474679271, 0.713031735313977, 0.812120189061445, 0.8901080351114112]
0.6526542186713095 [0.5869345037137069, 0.7094868332207968, 0.8102633355840648, 0.8877447670492911]
0.645950968804629 [0.5837272113436867, 0.7094868332207968, 0.8085752869682646, 0.8877447670492911]
0.64955992283861 [0.5869345037137069, 0.7074611748818366, 0.8100945307224848, 0.888588791357191]
0.6423134623675415 [0.5918298446995274, 0.712525320729237, 0.8107697501688048, 0.8889264010803511]
0.6456466076287677 [0.5837272113436867, 0.7057731262660365, 0.8097569209993247, 0.888588791357191]
0.6514212460927318 [0.5916610398379474, 0.7142133693450371, 0.812795408507765, 0.8894328156650911]
0.6492312949823671 [0.5916610398379474, 0.7108372721134368, 0.812795408507765, 0.886731937879811]
0.6400908602228941 [0.5860904794058069, 0.7052667116812964, 0.8111073598919649, 0.8877447670492911]
0.6475833214099557 [0.5898041863605672, 0.7034098582039163, 0.8067184334908846, 0.886563133018231]
0.6410984811609932 [0.5842336259284268, 0.7067859554355166, 0.8080688723835247, 0.8904456448345712]
0.6503155340087745 [0.5830519918973667, 0.7059419311276165, 0.8109385550303849, 0.888419986495611]
0.6349216020215803 [0.5842336259284268, 0.7093180283592168, 0.8092505064145847, 0.8857191087103309]
0.63292828449258 [0.5801823092505064, 0.7094868332207968, 0.8112761647535449, 0.8860567184334909]
0.6343782920028527 [0.5778190411883862, 0.7077987846049967, 0.8046927751519244, 0.887069547602971]
0.6493719972786552 [0.5808575286968265, 0.7106684672518568, 0.8094193112761647, 0.8860567184334909]
0.6442186625700507 [0.5774814314652262, 0.7039162727886563, 0.8072248480756246, 0.8857191087103309]


