0.8115852908621326_cars_1638874818.1762295
{'mode': 'train', 'application': 'DML', 'output_paht': '.', 'models': {'encoder_params': {'pretrained_path': 'no', 'net_type': 'resnet18', 'neck': 0, 'last_stride': 0, 'red': 4, 'bn_inception': {'embed': 1, 'sz_embedding': 512}}, 'gnn_params': {'pretrained_path': 'no', 'red': 1, 'cat': 1, 'every': 0, 'gnn': {'num_layers': 2, 'aggregator': 'add', 'num_heads': 8, 'attention': 'dot', 'mlp': 1, 'dropout_mlp': 0.1, 'norm1': 1, 'norm2': 1, 'res1': 1, 'res2': 1, 'dropout_1': 0.1, 'dropout_2': 0.1, 'mult_attr': 0}, 'classifier': {'neck': 1, 'num_classes': 98, 'dropout_p': 0.4, 'use_batchnorm': 0}}}, 'graph_params': {'sim_type': 'correlation', 'thresh': 'no', 'set_negative': 'hard'}, 'dataset': {'dataset_path': '/storage/remote/atcremers62/w0013/CARS', 'dataset_short': 'cars', 'num_classes': 98, 'trans': 'GL_orig_RE', 'number_aug': 2, 'magnitude': 27, 'sampling': 'no', 'bssampling': 'no', 'val': 0, 'nb_workers': 4}, 'train_params': {'num_classes_iter': 10, 'num_elements_class': 7, 'lr': 0.00036683239911604993, 'weight_decay': 2.551918610962277e-09, 'num_epochs': 70, 'is_apex': 'from yaml', 'temperatur': 0.1111111111111, 'output_train_enc': 'plain', 'output_train_gnn': 'plain', 'loss_fn': {'fns': 'lsce_lsgnn', 'scaling_ce': 1, 'scaling_gnn': 1, 'scaling_distance': 0.01, 'scaling_center': 0.5, 'scaling_triplet': 1, 'scaling_of': 1, 'scaling_of_pre': 1, 'scaling_distill': 1, 'soft_temp': 10, 'preds': 'no', 'feats': 'no'}}, 'eval_params': {'output_test_enc': 'plain', 'output_test_gnn': 'plain', 'cat': 0}}
0.2481767105511186 [0.19665477801008485, 0.275980814167999, 0.376583446070594, 0.48419628581970237]
0.27556944792439364 [0.2462181773459599, 0.3379658098634854, 0.4366006641249539, 0.5541753781822654]
0.2992048343760976 [0.29073914647644816, 0.3920796949944656, 0.5004304513589964, 0.6167753043906039]
0.3338395211880658 [0.3326774074529578, 0.45517156561308575, 0.5699175993112778, 0.6845406469068995]
0.3560045125626282 [0.39503136145615547, 0.5097773951543476, 0.61862009592916, 0.7221743942934449]
0.39322604153787266 [0.4664862870495634, 0.5800024597220514, 0.6921657852662649, 0.7871110564506211]
0.3842106283206852 [0.4656253843315705, 0.5809863485426147, 0.6895830771122863, 0.7825605706555159]
0.4447154072794135 [0.5499938506948715, 0.6659697454187676, 0.7634977247571024, 0.8441766080432911]
0.4702998843163537 [0.5988193334153241, 0.7088918952158406, 0.7985487639896691, 0.8648382732751199]
0.4912547594420561 [0.6247694010576805, 0.7283236994219653, 0.8085106382978723, 0.8709875784036404]
0.5241934074333793 [0.6630180789570779, 0.762144877628828, 0.8382732751199115, 0.8976755626614192]
0.537007245748359 [0.6889681465994343, 0.7861271676300579, 0.8561062599926208, 0.9067765342516295]
0.545135737144452 [0.7017587012667569, 0.7903086951174517, 0.8572131349157546, 0.9055466732259255]
0.5597535500694198 [0.7248800885499939, 0.8103554298364285, 0.8716025089164925, 0.9124338949698684]
0.571381834519875 [0.7357028655761899, 0.8252367482474481, 0.8854999385069487, 0.9301438937400074]
0.5599426975639283 [0.7359488377813307, 0.8211782068626245, 0.8788586889681466, 0.922518755380642]
0.5737923074799078 [0.7398843930635838, 0.8205632763497724, 0.8770138974295905, 0.9157545197392695]
0.5878473989936925 [0.7626368220391095, 0.8435616775304391, 0.8975525765588489, 0.9348173656376829]
0.5623215693267106 [0.7381625876275981, 0.817119665477801, 0.8712335506087812, 0.9147706309187061]
0.5701887907662334 [0.7329971713196409, 0.8117082769647029, 0.8682818841470914, 0.9059156315336367]
0.5910062050671301 [0.7727216824498832, 0.8534005657360718, 0.9082523674824745, 0.9431804206124708]
0.5703221829359725 [0.7445578649612594, 0.829418275734842, 0.8909113270200467, 0.9307588242528594]
0.5863066696760502 [0.7751814045012914, 0.8600418152748739, 0.9109580617390235, 0.9455171565613085]
0.5790515029913491 [0.766941335629074, 0.851063829787234, 0.904193826097651, 0.9413356290739147]
0.5691175069991463 [0.7532898782437585, 0.8422088304021645, 0.8920182019431804, 0.9317427130734227]
0.5992253366169061 [0.7832984872709384, 0.8634854261468454, 0.9167384085598327, 0.9500676423564137]
0.5390579899855416 [0.713811339318657, 0.8013774443487885, 0.8621325790185709, 0.9046857705079326]
0.5865040915345077 [0.7571024474234411, 0.8449145246587135, 0.8950928545074407, 0.9332185463042676]
0.554459899459211 [0.7243881441397122, 0.8074037633747386, 0.8665600787111056, 0.9093592424056082]
0.5389287919874726 [0.7115975894723896, 0.7957200836305498, 0.847743205017833, 0.8880826466609273]
0.6079449843298108 [0.7895707785020293, 0.8617636207108597, 0.9142786865084246, 0.9447792399458861]
0.6016367469615156 [0.7926454310662895, 0.8701266756856475, 0.9195670889189521, 0.949821670151273]
0.6059005968207084 [0.7910466117328742, 0.8655761898905424, 0.9120649366621572, 0.9430574345099004]
0.6051904333568032 [0.793998278194564, 0.8697577173779363, 0.9190751445086706, 0.9485918091255688]
0.6047833660831817 [0.8001475833230844, 0.8728323699421965, 0.9220268109703603, 0.9514204894846883]
0.6119061593719921 [0.7953511253228385, 0.8709875784036404, 0.9184602139958185, 0.9506825728692657]
0.6121855308779468 [0.8001475833230844, 0.8761529947115976, 0.9236256303037756, 0.951666461689829]
0.6049155943298676 [0.7980568195793876, 0.874185217070471, 0.9194441028163818, 0.9488377813307096]
0.6098752283546888 [0.8001475833230844, 0.8732013282499078, 0.9210429221497971, 0.9499446562538433]
0.6052467518984284 [0.8017464026564998, 0.8777518140450129, 0.9232566719960644, 0.9546181281515189]
0.6092786425525678 [0.8000245972205141, 0.8776288279424425, 0.9227647275857828, 0.9544951420489485]
0.6245210798563915 [0.8071577911695978, 0.8798425777887099, 0.9280531299963104, 0.957077850202927]
0.6318357153648503 [0.8059279301438937, 0.8802115360964211, 0.9287910466117328, 0.9569548641003567]
0.6090152788924681 [0.7981798056819579, 0.8734473004550486, 0.9205509777395154, 0.9508055589718362]
0.6111351476665724 [0.7964580002459722, 0.8719714672242037, 0.9195670889189521, 0.9503136145615545]
0.6094711709687766 [0.8017464026564998, 0.8766449391218792, 0.9237486164063461, 0.9527733366129627]
0.6055706108825997 [0.7984257778870988, 0.8756610503013159, 0.9228877136883532, 0.951051531176977]
0.6066222825154275 [0.8024843192719223, 0.8781207723527241, 0.924609519124339, 0.9542491698438077]
0.617829245096623 [0.8021153609642111, 0.8756610503013159, 0.9226417414832124, 0.9521584061001107]
0.6183975438443804 [0.8059279301438937, 0.8794736194809987, 0.9243635469191981, 0.9541261837412373]
0.6143465711886233 [0.7986717500922396, 0.8729553560447669, 0.9209199360472267, 0.9480998647152872]
0.6154645994533879 [0.806296888451605, 0.8799655638912803, 0.9249784774320502, 0.9541261837412373]
0.6186964810023613 [0.8006395277333661, 0.8740622309679006, 0.9223957692780715, 0.9508055589718362]
0.6172503123919895 [0.7999016111179437, 0.8733243143524781, 0.9174763251752552, 0.9488377813307096]
0.6134703558255387 [0.8075267494773091, 0.8808264666092731, 0.9268232689706063, 0.9568318779977862]
0.6151564765161787 [0.7975648751691059, 0.8727093838396262, 0.9191981306112409, 0.951051531176977]
0.6035896217509477 [0.8053129996310416, 0.874185217070471, 0.9227647275857828, 0.9524043783052515]
0.6146708211285085 [0.8030992497847743, 0.8763989669167384, 0.9226417414832124, 0.9511745172795474]
0.6145263935070416 [0.8050670274259009, 0.8782437584552946, 0.9265772967654655, 0.9575697946132087]
0.6210662737904133 [0.8097404993235764, 0.8835321608658222, 0.926700282868036, 0.9559709752797934]
0.6137173930170176 [0.805681957938753, 0.8766449391218792, 0.9232566719960644, 0.9540031976386668]
0.6139476439538301 [0.810232443733858, 0.876275980814168, 0.9242405608166278, 0.9528963227155332]
0.6157465910825846 [0.8115852908621326, 0.8749231336858935, 0.9223957692780715, 0.9520354199975403]
0.6198635599443925 [0.809002582708154, 0.8775058418398721, 0.9251014635346206, 0.9530193088181036]
0.6091332425853615 [0.8096175132210061, 0.8799655638912803, 0.927315213380888, 0.9546181281515189]
0.6157825352208459 [0.8113393186569917, 0.881072438814414, 0.9251014635346206, 0.9554790308695117]
0.6195756159870492 [0.8061739023490345, 0.8770138974295905, 0.9215348665600787, 0.9517894477923995]
0.6160819568489527 [0.8113393186569917, 0.878981675070717, 0.926700282868036, 0.9578157668183496]
0.6105052896237676 [0.8096175132210061, 0.8799655638912803, 0.9260853523551839, 0.9541261837412373]
0.6088702081995445 [0.8076497355798795, 0.8803345221989916, 0.9241175747140573, 0.953757225433526]


