0.6021269412559082_cub_1638472036.1427479
{'mode': 'train', 'application': 'DML', 'output_paht': '.', 'models': {'encoder_params': {'pretrained_path': 'no', 'net_type': 'resnet18', 'neck': 0, 'last_stride': 0, 'red': 4, 'bn_inception': {'embed': 1, 'sz_embedding': 512}}, 'gnn_params': {'pretrained_path': 'no', 'red': 1, 'cat': 0, 'every': 0, 'gnn': {'num_layers': 1, 'aggregator': 'add', 'num_heads': 2, 'attention': 'dot', 'mlp': 1, 'dropout_mlp': 0.1, 'norm1': 1, 'norm2': 1, 'res1': 1, 'res2': 1, 'dropout_1': 0.1, 'dropout_2': 0.1, 'mult_attr': 0}, 'classifier': {'neck': 1, 'num_classes': 100, 'dropout_p': 0.4, 'use_batchnorm': 0}}}, 'graph_params': {'sim_type': 'correlation', 'thresh': 'no', 'set_negative': 'hard'}, 'dataset': {'dataset_path': '/storage/remote/atcremers62/w0013/CUB_200_2011/CUB_200_2011/', 'dataset_short': 'cub', 'num_classes': 100, 'number_aug': 2, 'magnitude': 27, 'trans': 'GL_orig_RE', 'sampling': 'no', 'bssampling': 'NumberSampler', 'val': 0, 'nb_workers': 4}, 'train_params': {'num_classes_iter': 6, 'num_elements_class': 9, 'lr': 0.0001563663718906821, 'weight_decay': 6.059722614369727e-06, 'num_epochs': 70, 'is_apex': 'from yaml', 'temperatur': 0.2, 'output_train_enc': 'plain', 'output_train_gnn': 'plain', 'loss_fn': {'fns': 'lsgnn_lsce', 'scaling_ce': 1, 'scaling_gnn': 1, 'scaling_distance': 0.01, 'scaling_center': 0.5, 'scaling_triplet': 1, 'scaling_of': 1, 'scaling_of_pre': 1, 'scaling_distill': 1, 'soft_temp': 1, 'feats': 'no', 'preds': 'no'}}, 'eval_params': {'cat': 0, 'output_test_enc': 'plain', 'output_test_gnn': 'plain'}}
0.408219220222213 [0.25, 0.3549966239027684, 0.48548278190411887, 0.6260972316002701]
0.38246927510690004 [0.24476704929101958, 0.35094530722484807, 0.47434166103983794, 0.611580013504389]
0.4483849046876749 [0.3241053342336259, 0.44294395678595544, 0.575793382849426, 0.7069547602970966]
0.4923705139830998 [0.39821066846725184, 0.5297096556380824, 0.6551316677920324, 0.7660364618501013]
0.5480999237099792 [0.4674206617150574, 0.5913234301147873, 0.7140445644834571, 0.8163403106009454]
0.5603744645693953 [0.4934166103983795, 0.6154625253207292, 0.7310938555030385, 0.8281566509115462]
0.5704203553932239 [0.5047265361242403, 0.6262660364618501, 0.7410533423362593, 0.8355840648210668]
0.5495990647343387 [0.48193787981093855, 0.6048278190411884, 0.7182646860229575, 0.8085752869682646]
0.5705593973522458 [0.49763673193787983, 0.6159689399054693, 0.7229912221471978, 0.8188723835246455]
0.5812068973632191 [0.5126603646185011, 0.638082376772451, 0.7427413909520594, 0.8301823092505064]
0.6103953367360028 [0.5427076299797434, 0.6684672518568535, 0.775151924375422, 0.8598919648885888]
0.6152238660389227 [0.5518230925050641, 0.675557056043214, 0.7905131667792032, 0.8676569885212694]
0.6048085052708815 [0.5395003376097232, 0.6667792032410533, 0.7815665091154625, 0.8659689399054693]
0.5915375833785865 [0.5312288993923024, 0.6564821066846726, 0.7651924375422012, 0.8555030384875084]
0.6082499956395185 [0.550303848750844, 0.6784267386900743, 0.7776839972991222, 0.8607359891964889]
0.6251516477709705 [0.5702228224172856, 0.687035786630655, 0.7893315327481432, 0.8701890614449697]
0.6211068556367595 [0.5734301147873059, 0.6969952734638758, 0.7938892640108035, 0.8737339635381499]
0.6126864631067235 [0.5543551654287644, 0.6792707629979743, 0.786799459824443, 0.8679945982444295]
0.6156486772210172 [0.5670155300472653, 0.6831532748143146, 0.7808912896691425, 0.863436866981769]
0.6266698529167003 [0.574949358541526, 0.6976704929101958, 0.7982781904118839, 0.8759284267386901]
0.6174651873615403 [0.5795070898041864, 0.6973328831870358, 0.7922012153950033, 0.8718771100607697]
0.6349616593084976 [0.5832207967589467, 0.7069547602970966, 0.8023295070898042, 0.8777852802160703]
0.623273407130945 [0.5766374071573261, 0.6939567859554355, 0.7923700202565834, 0.8740715732613099]
0.6336619086901543 [0.5779878460499662, 0.7015530047265361, 0.8011478730587441, 0.8781228899392303]
0.6162085656770079 [0.5698852126941256, 0.6887238352464551, 0.7913571910871033, 0.8713706954760297]
0.6410167615504481 [0.5941931127616475, 0.7138757596218771, 0.8073936529372046, 0.8841998649561107]
0.6330360287934202 [0.5847400405131667, 0.699358541525996, 0.7959149223497637, 0.8769412559081702]
0.6378816137686781 [0.5835584064821067, 0.7027346387575962, 0.800979068197164, 0.87525320729237]
0.6237665136637686 [0.5734301147873059, 0.701046590141796, 0.8016542876434841, 0.8801485482781904]
0.6294205381442868 [0.5729237002025659, 0.6951384199864956, 0.7911883862255233, 0.8678257933828494]
0.6447664730180083 [0.587609723160027, 0.7110060769750168, 0.812626603646185, 0.8833558406482107]
0.6386629880809332 [0.587440918298447, 0.7116812964213369, 0.8072248480756246, 0.8821742066171506]
0.6397341391712317 [0.587947332883187, 0.7096556380823767, 0.8057056043214045, 0.8826806212018906]
0.640121449704587 [0.5837272113436867, 0.7079675894665767, 0.8089128966914247, 0.887238352464551]
0.6385171283807434 [0.587609723160027, 0.7096556380823767, 0.8075624577987845, 0.8852126941255908]
0.649881646155168 [0.5842336259284268, 0.7079675894665767, 0.8058744091829845, 0.8831870357866306]
0.645937753870804 [0.5864280891289669, 0.7077987846049967, 0.8043551654287644, 0.8823430114787306]
0.6478831287750353 [0.5953747467927076, 0.7101620526671168, 0.8112761647535449, 0.8877447670492911]
0.6400984351562486 [0.5867656988521269, 0.7076299797434166, 0.8063808237677245, 0.8848750844024308]
0.6413982706292853 [0.5859216745442268, 0.7059419311276165, 0.8024983119513842, 0.8831870357866306]
0.6437872775817316 [0.5884537474679271, 0.7086428089128967, 0.8095881161377447, 0.8863943281566509]
0.6454794641360695 [0.5894665766374072, 0.712694125590817, 0.8065496286293046, 0.888588791357191]
0.6386116288815529 [0.5820391627278866, 0.7093180283592168, 0.8073936529372046, 0.888419986495611]
0.6467660048832968 [0.588116137744767, 0.7094868332207968, 0.8079000675219447, 0.8877447670492911]
0.6507618482162656 [0.5987508440243079, 0.7135381498987171, 0.8087440918298447, 0.8892640108035111]
0.6440921137012997 [0.5882849426063471, 0.7086428089128967, 0.8085752869682646, 0.8929777177582714]
0.6484799273712423 [0.5950371370695476, 0.7115124915597569, 0.8153274814314653, 0.8887575962187712]
0.6467958887350045 [0.5921674544226874, 0.7172518568534774, 0.8099257258609048, 0.8890952059419311]
0.6454435287163597 [0.5884537474679271, 0.7103308575286968, 0.8099257258609048, 0.8848750844024308]
0.6462358506990433 [0.588116137744767, 0.7101620526671168, 0.812964213369345, 0.887575962187711]
0.6467950807545668 [0.5892977717758271, 0.7062795408507765, 0.8090817015530047, 0.8890952059419311]
0.6447373137677818 [0.5935178933153274, 0.7098244429439567, 0.8079000675219447, 0.888082376772451]
0.648324570005784 [0.5854152599594868, 0.7044226873733963, 0.8045239702903444, 0.888082376772451]
0.6511176593681971 [0.5948683322079676, 0.7084740040513167, 0.8092505064145847, 0.8860567184334909]
0.6442983235475843 [0.5903106009453072, 0.7059419311276165, 0.8040175557056043, 0.8860567184334909]
0.6421297450300412 [0.5889601620526671, 0.7079675894665767, 0.8077312626603647, 0.8853814989871708]
0.6495009795457668 [0.5865968939905469, 0.7133693450371371, 0.8048615800135044, 0.8857191087103309]
0.6522186725946638 [0.5844024307900068, 0.7091492234976368, 0.8048615800135044, 0.888082376772451]
0.6540720346839153 [0.6021269412559082, 0.7211343686698177, 0.8149898717083052, 0.8912896691424713]
0.6581746078409795 [0.5903106009453072, 0.712862930452397, 0.812964213369345, 0.8921336934503714]
0.6504225482925677 [0.5859216745442268, 0.7096556380823767, 0.812457798784605, 0.8924713031735314]
0.6480725780317695 [0.587440918298447, 0.7137069547602971, 0.8156650911546253, 0.8912896691424713]
0.651091457707271 [0.5859216745442268, 0.7086428089128967, 0.8106009453072248, 0.8904456448345712]
0.6560561947688939 [0.5776502363268062, 0.7042538825118163, 0.8097569209993247, 0.8923024983119514]
0.6468547924277811 [0.576130992572586, 0.7042538825118163, 0.8117825793382849, 0.886563133018231]
0.6450524876110926 [0.5764686022957461, 0.7003713706954761, 0.8057056043214045, 0.8857191087103309]
0.6505735920314181 [0.5790006752194463, 0.7061107359891965, 0.8070560432140446, 0.8877447670492911]
0.647666815037886 [0.5798446995273464, 0.7025658338960162, 0.8057056043214045, 0.8906144496961512]
0.6413158966384757 [0.5783254557731262, 0.7039162727886563, 0.8094193112761647, 0.887575962187711]
0.6534132328086188 [0.5850776502363269, 0.7052667116812964, 0.8057056043214045, 0.888588791357191]


